$1
0  1  0  0  0  0  1  0  0  0  0  0  1  1  0  1  0  0  0  0  1  1  1  0  0
0  0  0  0  0  1  0  1  0  1  0  0  0  0  1  0  1  1  0  0  0  1  0  0  0
1  0  1  1  1  0  0  0  0  1  1  0  0  0  0  1  0  0  1  0  0  1  1  1  0
1  0  1  1  1  1  1  0  1  1  1  0  1  0  0  0  1  1  1  1  0  0  1  0  1
1  0  0  1  0  1  1  1  1  0  0  1  1  1  1  1  1  0  0  0  0  1  1  0  1
1  0  0  1  1  1  1  0  1  1  0  0  0  1  1  0  0  1  0  0  1  0  0  1  1
1  1  0  0  0  1  0  0  0  1  1  1  1  1  1  1  1  1  1  0  0  1  1  1  0
1  0  0  1  0  1  0  1  1  0  0  0  1  0  0  0  1  1  1  0  1  1  1  1  0
1  1  1  0  0  1  1  1  1  0  0  1  1  0  1  0  0  1  0  0  0  0  0  0  0
0  0  1  0  1  1  0  0  0  0  1  0  0  0  0  0  0  0  0  0  0  0  0  1  1
1  1  0  1  1  1  1  1  0  0  1  0  1  1  0  0  1  1  0  0  1  0  0  0  0
0  1  0  1  0  0  1  0  0  1  0  1  1  1  1  1  1  1  0  1  1  1  1  0  1
1  1  0  1  1  0  1  0  1  0  1  0  1  1  0  0  0  1  1  1  0  1  0  1  0
0  0  0  0  1  0  1  0  1  1  0  0  1  0  1  1  1  0  1  0  0  0  0  1  0
0  0  0  1  1  1  0  1  0  0  0  1  0  1  1  1  0  1  1  0  1  1  0  0  1
1  0  0  0  0  0  0  0  0  1  1  1  1  1  0  0  0  1  0  0  0  1  1  0  1
1  0  0  1  1  1  0  1  0  1  1  1  0  1  0  1  1  1  1  1  0  0  0  0  0
0  1  0  0  0  1  0  1  1  1  1  1  1  1  1  0  0  0  0  1  0  0  1  0  1
0  1  1  1  1  1  1  0  1  1  1  0  0  1  0  0  1  0  1  0  1  1  1  1  1
0  0  1  1  1  1  0  0  0  0  1  0  1  0  0  1  1  1  0  0  1  0  0  1  0
0  1  0  1  0  1  1  0  1  0  0  1  0  1  0  1  0  0  0  0  1  1  1  0  1
1  1  1  0  1  0  0  0  0  1  0  1  1  1  0  1  1  1  0  0  0  1  1  0  0
1  1  0  1  1  1  0  1  1  0  1  0  1  0  1  0  1  1  1  1  1  0  0  0  1
0  1  1  1  1  0  0  1  0  1  0  0  0  0  0  1  0  0  0  0  0  1  0  0  0
1  1  0  1  1  1  0  1  1  1  1  1  1  0  0  1  0  1  0  1  1  0  0  0  1
$2
1  0  1  1  0  0  1  1  0  0  0  0  1  0  0  1  1  1  0  1  1  1  1  1  1
0  1  0  0  1  1  0  1  1  1  1  1  0  1  1  0  0  1  1  1  1  1  1  1  1
1  1  1  1  1  1  1  0  1  1  1  1  1  1  1  1  1  0  1  1  1  1  1  1  1
1  1  1  1  1  1  1  1  1  1  1  1  1  1  1  1  1  1  1  1  1  1  1  1  1
1  1  1  1  1  1  1  1  1  1  1  1  1  1  1  1  1  1  1  1  1  1  1  1  1
1  1  1  1  1  1  1  1  1  1  1  1  1  1  1  1  1  1  1  1  1  1  1  1  1
1  1  1  1  1  1  1  1  1  1  1  1  1  1  1  1  1  1  1  1  1  1  1  1  1
1  1  1  1  1  1  1  1  1  1  1  1  1  1  1  1  1  1  1  1  1  1  1  1  1
1  1  1  1  1  1  1  1  1  1  1  1  1  1  1  1  1  1  1  0  1  1  1  1  1
1  1  1  1  1  1  1  1  1  1  1  1  1  1  1  1  1  1  1  1  1  1  1  1  1
1  1  1  1  1  1  1  1  1  1  1  1  1  1  1  1  1  1  1  0  1  1  1  1  1
1  1  1  1  1  1  1  1  1  1  1  1  1  1  1  1  1  1  1  1  1  1  1  1  1
1  1  1  1  1  1  1  1  1  1  1  1  1  1  1  1  1  1  1  1  1  1  1  1  1
1  1  1  1  1  1  1  1  1  1  1  1  1  1  1  1  1  1  1  1  1  1  1  1  1
1  1  1  1  1  1  1  1  1  1  1  1  1  1  1  1  1  1  1  1  1  1  1  1  1
1  1  1  1  1  1  1  1  1  1  1  1  1  1  1  1  1  1  1  1  1  1  1  1  1
1  1  1  1  1  1  1  1  1  1  1  1  1  1  1  1  1  1  1  1  1  1  1  1  1
1  1  1  1  1  1  1  1  1  1  1  1  1  1  1  1  1  1  1  1  1  1  1  1  1
1  1  1  1  1  1  1  1  1  1  1  1  1  1  1  1  1  1  1  1  1  1  1  1  1
1  1  1  1  1  1  1  0  1  1  1  1  1  1  1  1  1  1  1  1  1  1  1  1  1
1  1  1  1  1  1  1  1  1  1  1  1  1  1  1  1  1  1  1  1  1  1  1  1  1
1  1  1  1  1  1  1  1  1  0  1  1  1  1  1  1  1  1  1  1  1  1  1  1  1
1  1  1  1  1  1  1  1  1  1  1  1  1  1  1  1  1  1  1  1  1  1  1  1  1
1  1  1  1  1  1  1  1  0  1  1  1  1  1  1  1  1  1  1  1  1  1  1  1  1
1  1  1  1  1  1  1  1  1  1  1  1  1  1  1  1  1  1  1  1  1  1  1  1  1
$3
0  1  0  1  0  1  1  0  0  0  0  1  1  0  1  0  1  1  0  0  0  0  0  1  0
0  0  1  0  1  0  0  1  0  1  0  1  1  1  0  1  0  0  1  1  1  1  0  1  1
1  0  1  1  0  0  1  1  1  1  0  1  1  0  0  0  0  0  1  1  1  1  0  0  0
0  0  1  0  1  0  1  0  1  1  0  0  1  0  0  1  0  0  0  0  1  0  1  1  0
0  0  0  1  0  1  1  0  1  1  1  1  0  1  0  0  0  0  1  1  1  0  0  0  1
1  1  0  1  1  0  1  0  1  0  0  0  0  1  0  0  0  0  1  0  0  1  1  1  0
1  0  1  1  1  1  1  1  0  1  0  0  0  1  1  0  0  0  0  0  0  0  0  0  0
1  0  1  0  0  1  1  1  1  1  1  1  1  1  1  0  1  0  0  1  1  0  0  1  1
0  0  0  1  1  1  1  0  0  1  1  0  0  0  1  1  0  1  0  0  1  0  0  1  0
0  0  0  0  0  1  0  1  1  0  0  1  1  0  1  0  0  0  1  0  1  0  1  1  1
0  0  0  0  1  0  1  1  1  1  1  1  1  1  1  1  1  0  0  0  0  1  0  0  0
1  1  0  1  1  0  1  1  1  1  1  1  1  0  0  0  0  0  0  0  1  1  0  0  1
1  0  0  1  1  0  1  0  1  1  0  0  0  1  1  0  0  1  1  0  1  1  0  0  1
0  0  1  0  1  0  1  1  0  0  0  0  0  1  1  1  0  1  0  0  0  1  0  1  0
1  1  0  0  1  0  1  1  1  0  1  0  1  1  0  1  0  0  1  1  0  1  0  1  0
1  1  0  1  0  1  1  1  1  1  1  0  1  0  1  1  0  0  1  1  1  1  1  1  1
0  1  0  0  0  0  1  0  0  1  1  1  0  0  0  0  1  1  0  1  1  0  0  0  1
1  1  1  1  1  0  0  0  1  0  0  0  1  0  0  0  0  0  1  0  0  1  0  0  0
1  1  1  1  1  0  0  1  1  0  1  1  1  1  0  0  0  1  1  1  1  1  0  0  1
1  1  1  0  0  1  0  1  1  1  1  0  1  0  1  1  0  0  0  1  0  1  1  1  1
1  0  0  1  0  0  1  1  0  0  1  0  0  0  1  1  0  0  1  0  0  0  1  0  1
1  0  0  0  0  1  1  0  1  0  0  1  0  0  0  0  0  1  0  0  1  0  1  0  1
0  1  1  0  1  1  1  0  1  1  0  0  1  1  1  0  0  1  0  1  0  0  0  0  1
0  1  0  0  0  1  1  1  1  1  0  0  1  1  1  1  0  0  1  0  1  1  1  0  0
1  1  1  0  1  0  1  0  1  0  0  0  0  1  0  1  1  1  0  0  0  1  0  0  1
$4
1  0  0  1  1  0  0  0  1  1  1  1  1  1  0  0  1  1  0  0  1  0  1  1  1
0  0  0  0  0  0  1  0  1  1  1  0  1  0  1  0  0  0  1  0  1  0  0  1  0
0  0  0  1  0  0  1  0  0  1  1  1  1  1  0  1  0  0  0  0  1  0  1  0  1
0  1  1  1  1  0  1  1  0  0  0  0  1  1  0  1  0  1  1  1  0  0  1  1  0
0  0  0  0  1  0  0  0  0  1  1  0  1  0  0  1  0  1  0  0  1  1  0  0  0
0  0  1  0  1  0  0  1  1  0  1  1  0  0  0  1  0  0  0  0  0  0  1  0  1
0  0  0  0  1  1  0  1  0  0  1  0  1  0  0  1  0  0  1  0  1  1  0  0  1
0  0  0  0  1  0  0  1  1  0  1  1  0  0  1  1  1  0  0  1  0  1  1  1  1
1  0  0  0  1  1  0  1  1  1  1  1  1  0  0  1  0  1  1  1  1  1  0  1  1
0  0  1  1  1  1  1  1  1  1  1  0  1  1  1  1  1  1  0  1  1  0  0  0  1
0  0  0  0  0  1  0  0  0  0  1  1  0  1  1  1  0  0  1  0  1  1  1  0  1
1  1  1  1  0  1  0  0  1  1  0  1  1  1  0  0  1  0  0  1  0  0  1  1  0
0  1  0  1  1  1  1  0  1  0  0  0  1  0  0  0  0  0  1  0  0  1  1  0  1
0  0  0  0  1  0  1  1  1  1  0  0  1  0  1  1  1  0  1  1  0  1  0  0  0
1  1  1  0  1  0  1  0  1  1  0  1  1  1  0  0  0  0  1  0  0  0  0  1  0
0  0  0  1  1  1  1  0  1  0  0  0  1  1  1  1  0  0  1  0  1  1  0  0  1
0  0  0  0  0  1  1  1  1  0  0  1  1  1  1  0  0  0  0  1  0  1  0  1  0
1  1  1  1  1  1  0  1  0  0  1  0  0  1  0  1  1  1  1  1  1  1  0  0  0
1  1  1  1  0  1  1  0  1  1  0  1  1  1  0  0  0  0  1  0  0  1  1  1  1
0  0  0  1  1  1  1  0  1  1  0  1  1  1  0  0  1  0  0  1  0  1  0  1  0
0  1  1  1  1  0  0  1  0  1  0  1  0  1  0  1  1  0  0  0  0  1  1  0  0
1  1  0  1  1  1  1  0  0  1  0  1  0  1  1  1  0  0  1  1  0  1  0  1  0
1  1  1  1  1  1  1  1  1  0  1  0  0  0  0  1  0  1  1  1  0  0  0  1  0
1  1  0  0  1  0  1  1  0  1  0  0  0  1  0  0  0  0  0  1  0  0  1  0  0
0  1  0  0  1  0  0  0  0  0  0  0  1  0  1  0  0  1  0  1  1  0  0  0  1
$5
1  0  0  0  0  0  0  0  0  1  1  1  0  1  0  1  0  1  1  0  1  0  1  1  1
1  1  0  0  0  0  0  1  0  1  0  1  1  0  0  0  0  0  1  0  1  0  1  0  1
1  0  1  0  1  0  0  0  1  1  0  1  1  1  0  0  0  0  0  1  0  0  0  1  0
0  1  0  0  0  0  1  1  0  1  0  0  1  0  0  0  0  1  0  1  0  1  1  1  1
1  0  1  0  0  0  0  0  0  1  1  0  1  1  0  0  0  0  0  1  1  0  1  0  0
0  0  1  0  0  1  1  0  1  0  1  1  1  0  1  1  1  0  0  0  0  1  1  0  0
0  0  0  1  0  0  0  1  1  0  0  0  1  1  0  1  1  1  1  0  1  1  0  0  1
1  1  0  0  1  1  1  1  1  0  1  0  1  1  0  0  0  0  1  1  1  1  1  1  1
0  0  1  0  0  0  0  1  0  0  1  1  0  0  0  0  0  0  0  0  1  1  0  1  1
0  0  0  1  0  0  0  1  1  1  1  1  1  0  1  0  1  0  1  1  1  1  1  1  0
0  0  1  0  1  1  0  0  0  0  1  1  1  1  1  0  0  1  0  0  1  1  1  1  1
1  1  0  0  0  1  1  1  0  1  1  1  0  1  1  1  1  1  0  0  1  0  0  0  0
1  1  0  1  1  1  0  1  0  0  0  0  1  1  0  0  1  0  1  0  1  0  0  0  0
0  0  0  0  0  1  0  0  1  0  0  0  1  0  0  0  1  0  0  1  0  0  1  1  1
0  0  1  1  1  1  0  0  1  1  0  0  1  1  1  0  1  1  0  1  0  0  1  0  1
0  0  0  1  1  0  1  1  1  0  1  1  0  1  0  1  1  0  1  0  0  1  1  1  0
0  0  0  0  0  0  1  1  1  1  0  0  1  1  1  1  0  1  1  1  1  1  0  1  1
0  1  1  0  1  1  1  1  0  0  1  0  0  0  0  1  0  1  1  1  0  1  1  1  1
0  1  1  1  1  1  1  1  1  0  1  0  0  0  0  1  1  0  0  0  0  0  1  1  0
0  1  0  1  1  0  0  0  1  0  1  1  0  0  1  1  1  1  1  1  0  1  1  0  1
0  1  0  1  1  1  1  0  0  1  1  0  0  0  0  0  1  1  1  0  0  0  0  0  0
1  0  1  0  0  0  1  1  0  1  0  1  0  1  0  1  0  0  1  1  0  1  1  0  0
1  0  1  0  0  1  0  0  0  0  0  1  0  0  0  0  0  1  0  1  1  0  0  1  1
1  1  0  0  1  1  1  1  0  0  1  1  1  1  1  0  1  1  0  0  0  0  1  1  1
0  1  1  1  1  1  1  1  1  0  0  1  1  0  0  0  0  1  0  1  1  0  1  1  1
$6
1  0  1  0  0  1  0  1  0  0  0  1  1  0  1  1  0  1  0  0  1  1  1  1  1
1  0  1  0  0  0  1  1  1  0  0  1  1  1  0  0  1  1  0  0  1  1  1  1  1
1  1  0  0  1  1  0  1  0  1  0  0  0  0  1  0  1  1  1  0  0  1  1  0  1
0  0  1  1  0  0  0  1  0  1  1  1  0  0  1  1  0  0  1  0  1  1  0  0  0
1  1  1  1  0  0  1  1  0  0  1  0  1  1  0  1  1  0  0  1  1  1  0  0  1
0  1  1  0  0  1  1  0  0  1  1  0  1  1  1  1  0  0  0  0  1  1  0  1  1
1  0  0  0  0  1  0  1  0  0  0  1  0  0  0  1  1  0  1  1  1  0  0  0  0
1  1  0  0  1  1  0  1  1  1  1  1  0  0  1  0  1  0  1  1  1  1  1  0  1
0  1  1  1  1  0  1  1  0  1  1  1  0  0  1  0  0  0  0  0  1  0  0  0  0
1  1  1  1  0  1  1  0  1  0  0  0  0  1  1  0  0  1  0  0  1  1  1  0  1
0  0  1  0  0  0  0  1  1  0  1  0  1  0  1  0  1  0  0  1  0  1  1  0  0
0  0  1  0  1  0  1  1  1  1  0  0  0  1  1  1  0  1  1  1  1  1  0  1  1
1  0  0  1  0  1  0  1  0  0  1  1  1  1  0  0  1  0  0  0  0  1  0  1  0
0  1  0  0  1  1  0  0  1  0  1  0  0  1  0  0  1  0  1  1  1  1  0  1  1
0  1  0  0  1  1  0  0  0  1  0  0  1  1  1  0  1  0  1  1  0  1  0  0  1
0  0  0  0  1  0  1  0  0  0  1  1  1  0  1  1  0  1  0  0  1  1  0  0  1
1  0  0  1  0  0  1  0  0  0  0  1  1  1  0  1  0  1  1  0  0  0  0  1  0
0  1  1  0  1  1  1  0  1  1  0  0  1  0  0  1  0  1  1  0  1  1  0  1  0
1  1  1  0  1  0  0  1  0  1  1  0  0  1  0  0  1  1  1  0  0  0  0  0  0
0  0  0  0  1  0  0  0  0  1  0  0  1  0  0  1  0  0  1  0  0  1  1  1  1
1  1  0  0  1  0  1  1  0  0  1  0  1  0  1  1  1  0  1  0  0  1  1  0  0
0  1  0  1  0  0  0  0  1  1  0  1  0  1  0  1  1  0  0  1  0  1  1  0  1
0  1  1  1  1  1  0  0  1  1  1  1  1  0  0  0  0  0  1  0  0  1  1  0  0
0  0  1  1  0  0  1  1  1  0  0  0  0  0  0  0  1  0  0  1  1  1  1  0  1
1  1  0  0  1  1  0  0  0  1  1  0  1  0  0  1  0  1  1  1  1  0  1  0  0
$7
0  0  1  1  1  1  1  1  0  0  1  0  1  0  1  0  1  0  0  0  1  1  0  1  1
0  0  0  1  1  0  0  0  1  0  1  1  1  1  0  0  0  1  0  0  0  0  1  1  1
1  0  0  1  1  0  0  0  0  0  0  1  1  1  0  1  1  1  1  1  0  0  1  1  1
1  0  0  1  0  1  1  0  1  0  0  1  0  0  1  1  0  1  1  1  1  1  0  0  0
1  0  0  0  0  0  1  1  1  0  0  1  1  1  1  1  1  1  0  1  0  0  0  1  0
1  1  0  0  1  1  1  0  1  1  0  0  1  1  1  0  0  0  0  1  0  1  0  0  1
1  0  1  1  0  1  1  0  1  0  1  0  1  1  0  0  1  0  1  1  1  1  1  0  0
0  0  0  1  1  0  1  1  1  0  0  1  0  0  0  0  0  0  1  1  0  1  1  1  0
0  0  0  1  0  1  0  1  1  0  1  1  0  0  0  1  1  0  0  0  1  0  0  0  1
1  1  1  1  1  0  1  0  0  1  0  0  0  0  1  1  0  1  1  0  1  0  1  1  1
1  0  0  0  0  1  1  0  1  0  1  0  0  0  0  1  1  1  1  0  1  1  0  0  0
0  0  1  0  1  0  1  0  1  1  1  0  0  0  1  1  1  1  0  1  0  1  1  1  1
1  1  0  0  1  1  1  1  1  1  1  1  0  0  0  0  0  0  1  1  0  0  1  0  1
0  1  1  0  1  0  0  1  1  0  1  1  1  0  1  1  1  0  0  0  0  0  1  1  1
0  1  1  0  1  0  0  0  0  1  0  1  1  0  1  0  0  0  1  0  1  1  0  0  1
1  0  0  1  1  0  1  0  0  1  1  0  1  1  1  1  1  0  1  1  0  0  0  1  1
0  0  1  1  0  0  0  1  0  1  0  0  1  0  0  0  1  0  0  0  0  1  1  1  0
0  0  0  0  1  0  0  1  0  1  1  1  1  0  0  1  0  0  1  0  0  0  1  0  1
0  1  1  1  0  1  1  0  0  1  0  1  0  1  0  1  1  0  0  1  1  0  0  1  1
1  1  0  1  1  1  0  0  0  1  0  1  0  0  0  0  0  1  0  0  0  1  1  1  1
1  0  1  1  0  1  0  0  0  1  0  1  0  1  0  1  0  1  1  0  1  0  0  0  0
1  0  1  0  0  0  0  0  1  0  1  0  0  1  0  1  1  0  1  1  1  0  1  1  1
1  0  1  0  1  1  1  0  0  1  0  1  0  1  0  1  1  1  0  1  0  1  0  0  0
0  0  1  0  1  1  0  0  1  0  0  1  0  0  0  1  1  0  1  1  1  0  0  0  0
0  0  1  0  1  0  1  0  1  0  1  0  0  0  1  1  1  0  0  0  1  0  1  0  0
$8
1  0  1  1  1  1  0  1  0  0  0  0  1  1  1  1  0  0  0  0  0  1  1  1  1
1  1  0  1  1  0  1  0  1  1  0  1  1  1  1  0  1  1  0  1  1  0  0  0  1
1  0  1  1  0  1  1  0  1  1  0  0  1  0  1  1  1  1  1  1  1  1  0  0  0
1  1  1  1  0  0  1  0  0  1  1  1  0  1  0  1  0  1  1  0  0  0  1  1  1
0  0  0  0  1  1  0  0  1  1  1  1  1  1  0  1  1  1  1  0  0  1  0  0  1
0  0  0  1  0  1  1  0  0  1  1  1  0  1  0  0  0  1  0  0  0  0  0  0  0
0  1  1  0  1  1  1  0  0  1  1  1  0  1  1  0  0  0  1  0  1  1  0  0  0
0  1  1  1  1  1  0  1  1  0  1  1  1  0  0  1  0  0  0  1  1  0  1  1  1
1  0  0  1  1  1  0  1  1  1  0  1  0  1  0  1  0  0  0  0  0  1  0  1  0
1  0  0  1  1  0  1  1  0  1  0  0  1  0  0  1  0  1  1  0  1  0  1  1  1
0  0  0  1  0  0  0  0  1  0  0  0  1  0  0  1  1  1  1  1  1  0  1  0  1
1  0  1  0  1  1  1  0  0  1  0  0  0  1  1  0  1  0  1  1  0  0  1  0  1
0  1  0  0  0  1  1  1  1  1  1  1  0  1  0  1  1  0  0  0  0  1  0  1  0
0  1  0  1  0  0  0  1  0  0  1  0  1  1  0  1  1  0  1  0  0  1  0  0  0
1  0  0  0  1  0  0  1  0  0  0  0  0  0  0  1  1  1  0  0  1  1  1  0  1
0  1  0  0  1  0  0  0  0  0  0  1  0  1  1  1  0  0  1  1  1  0  0  1  0
1  0  0  1  0  0  0  0  0  1  0  1  0  1  1  1  1  1  1  0  1  0  1  1  0
0  0  0  1  0  0  0  1  1  0  0  0  0  1  1  1  0  0  1  0  0  1  1  1  1
1  0  0  0  1  0  0  1  1  1  0  1  1  1  1  0  0  1  1  1  1  1  1  1  0
0  1  0  0  0  1  0  0  1  1  1  1  0  1  1  0  1  1  0  0  0  0  0  0  1
0  1  0  1  0  0  1  0  1  0  0  1  0  0  0  1  0  1  0  0  1  1  0  0  1
0  0  0  1  0  1  0  0  1  1  0  1  0  1  0  1  1  1  1  1  0  0  1  0  1
1  0  1  0  1  1  0  1  0  0  1  1  0  1  0  1  0  1  0  0  1  0  1  1  0
0  0  0  0  0  1  0  0  1  0  0  1  0  0  0  0  0  1  1  1  0  0  1  0  1
1  1  0  0  1  1  1  0  0  0  1  0  0  1  0  0  0  0  1  0  1  0  1  0  1
$9
1  1  0  1  0  0  0  1  1  0  1  0  0  0  1  1  0  1  1  1  0  0  1  1  0
1  0  0  1  1  1  1  0  0  1  0  1  0  0  0  1  0  1  1  0  1  1  1  0  1
1  0  0  0  1  1  0  0  1  1  0  1  1  0  1  0  1  1  1  0  0  1  0  1  0
1  0  1  0  1  1  0  0  1  1  1  0  1  0  0  1  1  0  1  0  1  1  1  1  0
1  1  1  1  0  1  1  0  1  1  1  0  0  1  1  1  0  1  0  1  0  0  0  0  1
1  0  1  0  0  1  0  1  1  1  1  0  0  1  0  1  1  1  1  1  0  1  0  1  1
0  0  1  0  1  0  0  0  1  1  0  0  0  1  0  0  0  1  0  1  1  0  0  0  0
1  0  1  0  0  1  0  1  1  0  0  0  1  1  0  0  1  1  1  0  0  0  0  0  0
0  1  0  1  1  1  1  1  1  1  1  0  0  1  1  0  1  0  0  1  1  0  1  1  1
0  1  1  0  1  0  0  1  1  1  1  0  0  0  0  1  1  0  1  0  0  0  1  1  0
0  1  0  0  0  1  1  1  0  0  1  1  0  1  0  0  0  0  0  0  1  0  0  0  1
1  1  0  1  0  0  0  1  0  0  0  1  0  0  1  1  0  0  1  1  0  1  1  0  1
1  0  1  1  0  0  0  1  0  1  0  0  0  0  1  0  0  1  1  0  0  0  1  1  1
0  0  1  1  0  0  0  0  1  1  0  0  0  0  1  0  1  1  0  1  1  1  1  0  0
0  1  1  0  0  0  1  0  0  0  1  1  1  0  1  0  0  0  0  1  1  0  0  1  1
1  1  1  0  0  1  1  0  0  0  1  0  1  0  1  0  0  0  0  1  0  0  1  0  0
1  1  1  1  1  1  1  0  0  0  0  1  0  0  1  1  1  1  1  0  1  0  1  1  1
1  1  1  1  1  1  0  1  1  0  0  1  0  0  1  1  1  0  1  1  1  1  1  0  1
0  0  0  0  1  1  1  1  0  1  1  1  0  1  1  1  0  0  1  0  0  0  0  1  0
0  1  0  1  1  0  0  0  0  1  0  0  1  1  1  1  1  1  1  1  1  0  1  0  1
1  0  1  0  1  0  1  0  0  1  1  0  0  0  0  0  1  1  1  1  0  0  1  0  0
0  0  0  1  1  0  1  0  0  0  1  0  0  1  1  1  0  0  1  0  1  0  1  0  1
0  0  1  1  0  0  0  0  0  1  0  1  0  0  0  1  0  0  1  1  0  0  0  0  1
1  0  1  0  1  0  0  1  1  0  0  1  0  0  1  1  1  0  0  1  0  0  0  1  0
0  1  0  0  0  1  0  1  0  0  1  0  1  0  0  1  1  1  0  1  1  1  0  0  0
$10
0  1  0  1  0  0  0  0  0  0  0  0  0  0  1  0  1  1  1  1  1  1  1  1  1
1  0  1  0  0  0  0  0  1  1  0  0  1  0  1  1  1  0  0  0  1  1  1  1  0
0  1  0  0  0  0  0  0  1  0  0  0  1  0  1  1  1  1  0  0  1  0  1  1  0
0  1  1  1  0  0  1  0  0  0  1  0  1  1  0  1  1  1  0  0  0  0  0  1  1
1  0  0  1  0  0  1  0  0  1  1  1  1  0  0  0  0  1  1  1  0  1  0  0  1
1  1  1  1  1  1  0  0  1  1  0  0  0  0  1  1  0  0  1  0  1  1  0  0  1
1  0  1  0  0  0  1  1  0  0  1  0  0  1  0  1  1  0  0  1  1  1  1  0  0
1  1  0  0  1  0  1  0  1  0  1  1  1  1  0  0  0  1  0  1  1  1  0  0  1
1  1  1  1  1  0  1  1  1  1  0  1  1  0  1  0  0  0  1  0  0  0  0  1  1
0  1  1  1  0  0  1  1  1  0  1  0  1  1  1  1  1  0  1  1  1  1  1  1  1
1  0  1  1  0  1  1  1  0  0  0  0  0  1  1  1  0  1  0  0  0  0  0  0  0
1  1  1  0  1  0  1  0  1  0  0  1  0  1  0  1  1  1  0  1  0  0  1  0  0
0  1  1  1  0  1  1  1  1  0  0  1  0  1  1  0  0  0  1  1  1  0  1  1  1
0  1  0  0  0  0  0  1  1  0  1  1  0  0  1  1  0  0  0  0  1  0  0  1  0
0  0  1  1  0  1  0  1  0  1  0  0  0  0  1  1  0  0  1  0  0  1  0  0  0
0  0  0  1  0  1  1  1  1  0  0  0  1  1  1  0  1  0  1  0  0  1  1  0  0
1  1  1  1  0  0  0  0  1  1  0  1  0  0  0  0  0  0  1  1  0  1  0  1  0
1  0  1  1  0  1  0  1  1  0  0  1  0  1  1  1  0  1  0  1  1  1  1  0  1
0  1  1  0  0  1  0  1  1  1  1  1  1  1  0  1  0  1  1  0  1  0  1  1  1
0  1  1  0  0  1  0  0  0  0  0  0  1  0  1  0  1  1  0  1  0  1  1  0  0
0  1  0  1  0  1  1  1  0  1  0  1  0  0  0  0  1  1  1  0  0  1  0  0  0
1  0  0  0  0  0  1  1  1  0  0  0  1  1  1  1  0  0  0  0  1  0  1  0  1
0  0  0  0  1  1  0  0  0  0  0  0  0  0  0  0  1  1  0  1  1  1  1  1  1
0  1  1  0  0  1  0  0  1  0  1  0  1  0  0  1  0  1  0  0  1  0  1  1  0
0  0  1  0  0  0  1  0  1  1  1  0  1  0  1  0  1  0  1  0  1  0  1  1  1
$11
1  0  0  1  1  1  0  1  0  0  0  1  1  1  0  0  1  0  0  0  0  1  0  1  1
1  1  1  1  0  1  0  1  1  1  1  1  0  1  0  0  1  0  1  1  1  0  1  1  1
0  0  1  0  1  0  0  1  1  1  0  1  1  1  1  1  1  1  0  0  1  1  0  0  0
0  1  1  1  1  1  1  0  0  1  1  0  0  0  0  0  0  0  1  0  1  0  1  1  0
0  0  1  0  0  0  1  0  1  1  0  0  0  0  0  1  1  1  1  0  1  1  0  1  1
1  0  0  1  1  0  1  0  1  1  1  0  0  0  0  1  0  1  0  1  1  1  1  1  0
0  0  1  1  1  1  0  0  0  1  1  0  1  1  1  0  1  1  0  1  0  1  0  0  0
0  0  0  0  0  0  0  1  1  1  1  1  0  0  1  1  1  1  1  0  0  1  1  1  1
0  1  0  1  0  1  0  1  1  0  0  1  0  0  0  0  0  1  1  1  1  0  0  1  1
0  1  0  1  1  0  1  1  1  1  1  1  1  1  1  0  0  0  1  0  1  1  1  0  1
0  1  1  0  1  0  1  0  1  1  1  1  1  0  1  0  1  1  1  0  1  0  1  1  1
0  1  1  0  0  0  0  1  1  1  1  1  0  0  1  0  0  0  1  0  0  1  0  0  1
0  1  1  0  0  0  0  1  1  1  0  0  0  0  0  0  0  1  0  1  0  0  1  1  1
1  0  0  0  1  0  0  0  1  0  0  0  0  0  1  1  0  1  1  1  0  1  1  0  0
1  0  1  0  0  1  1  0  1  1  1  1  0  1  0  0  0  0  1  1  1  0  0  1  0
1  0  0  1  0  1  1  0  1  0  1  1  0  0  0  1  1  0  1  1  0  1  0  0  0
0  1  0  0  1  0  0  1  0  1  0  1  1  0  1  1  1  0  1  0  1  0  1  0  0
0  0  0  1  1  1  1  1  1  1  0  0  0  1  0  0  1  1  0  1  0  0  0  0  1
0  0  1  1  1  1  0  0  1  0  1  1  1  0  0  0  0  0  0  1  1  0  0  0  0
0  0  1  1  0  1  0  0  0  0  1  0  0  1  1  0  0  0  0  1  1  0  0  0  1
0  0  0  1  1  0  0  1  1  1  1  1  1  0  1  1  0  0  1  1  0  1  0  0  0
1  1  0  0  0  0  0  1  0  1  1  1  1  0  0  0  0  0  0  0  1  0  1  0  1
1  0  0  0  1  0  0  0  0  1  1  1  1  0  1  0  1  0  0  1  0  0  0  0  0
1  0  1  1  0  0  0  0  1  0  1  0  1  0  0  1  1  1  1  1  0  0  0  0  0
0  1  1  0  0  0  1  0  0  1  1  1  1  1  1  0  0  1  0  0  1  1  0  1  1
$12
0  0  1  1  1  0  0  1  0  0  1  0  0  1  1  0  0  1  1  0  1  0  1  0  1
1  0  0  0  1  1  0  1  1  0  1  0  1  1  0  1  1  0  0  1  0  1  0  1  0
0  1  0  1  0  1  0  0  1  0  0  0  0  1  0  0  1  1  0  1  0  1  1  1  1
0  1  0  0  0  1  0  0  1  0  0  1  0  0  0  0  1  1  1  1  1  1  0  1  0
1  1  0  1  0  1  0  0  0  1  0  0  0  0  1  0  1  0  0  0  1  1  0  1  0
0  1  1  0  0  0  1  1  1  0  1  0  1  0  1  0  0  0  1  0  1  0  1  0  0
0  1  0  0  1  0  1  0  1  0  0  0  1  1  1  1  0  1  1  1  1  1  1  0  0
0  0  0  0  1  1  0  1  0  0  0  1  1  0  1  0  1  0  0  0  0  1  1  0  1
0  1  1  1  1  0  0  1  0  0  0  0  1  0  1  1  0  1  0  0  0  1  0  0  0
0  1  1  0  0  0  0  1  1  0  0  0  1  0  1  0  0  1  0  1  0  1  0  0  1
0  0  1  0  1  1  0  1  0  0  0  0  0  1  1  0  0  0  1  1  0  1  1  0  1
1  0  0  1  0  1  1  0  1  1  0  0  0  1  1  1  1  0  1  1  0  0  0  0  0
1  0  0  0  1  0  0  1  0  1  1  0  0  1  0  1  1  0  1  1  1  1  1  1  0
0  1  0  0  0  0  0  1  1  0  0  1  0  0  0  1  1  0  0  0  0  1  0  1  0
1  1  0  0  0  0  0  0  0  1  0  1  1  0  1  1  0  1  1  1  1  0  0  1  1
0  1  0  1  0  0  1  1  1  0  0  0  0  1  0  1  1  1  0  1  0  1  0  1  1
1  0  0  0  0  1  1  1  0  1  0  1  1  1  1  1  0  1  0  1  1  0  1  0  1
0  1  0  1  1  1  1  0  1  1  1  0  1  1  1  1  0  1  1  0  1  0  0  1  1
0  1  1  0  1  1  1  1  1  0  0  0  0  1  0  0  1  1  1  0  1  0  1  1  1
1  1  0  1  1  0  1  0  1  0  0  1  1  1  0  1  1  1  1  0  1  1  1  1  0
1  1  1  0  1  1  1  0  1  0  0  0  1  0  0  1  0  0  1  1  1  0  1  0  1
0  1  0  0  1  0  1  0  0  0  1  0  0  1  0  1  1  1  1  0  1  1  0  1  0
1  1  1  0  1  1  1  1  0  0  0  1  0  0  0  0  0  0  0  0  0  1  1  0  0
0  1  0  0  0  1  1  0  1  1  0  1  0  0  1  0  0  1  1  0  1  1  0  0  0
1  0  1  1  0  0  1  0  0  1  1  0  1  0  1  1  1  1  0  1  1  1  1  0  1
$13
0  0  0  1  0  0  1  0  0  0  0  1  0  1  1  0  0  0  0  0  1  0  1  0  0
1  0  1  0  1  1  1  0  0  0  1  0  1  0  1  0  1  0  0  1  0  0  0  1  1
1  0  1  1  0  1  0  1  0  1  1  0  1  1  1  0  1  0  1  1  1  0  0  0  1
0  0  1  1  1  0  0  1  0  1  0  1  0  1  0  1  1  1  1  1  1  1  1  0  0
0  1  0  0  1  1  1  1  0  0  0  1  1  1  0  1  1  1  1  0  0  0  0  0  1
1  0  0  1  0  0  0  1  0  0  0  1  0  1  1  0  1  0  1  1  1  1  1  0  0
1  1  0  1  0  1  0  1  1  1  1  1  1  0  1  1  1  0  1  0  1  0  0  1  1
1  1  0  0  0  1  1  1  1  1  1  1  0  0  0  0  0  1  0  1  0  0  1  0  1
1  0  1  0  0  0  0  1  1  1  1  0  0  1  1  1  1  1  1  0  1  1  1  0  1
1  1  1  1  0  0  1  0  1  0  0  0  1  0  1  0  0  0  1  0  0  0  0  1  1
0  1  0  1  0  1  0  0  0  0  0  0  0  1  0  1  1  0  1  1  1  1  0  0  1
1  0  0  1  0  0  1  0  0  0  1  0  0  1  0  0  0  1  0  1  1  0  0  1  1
1  0  0  0  1  1  0  0  1  0  1  1  0  1  0  0  0  1  1  0  0  1  1  0  1
0  1  1  0  1  1  1  1  0  0  0  1  0  0  0  1  1  1  1  0  1  1  0  1  0
1  1  0  1  1  1  1  1  1  0  0  1  1  0  1  0  0  0  1  1  0  0  0  0  0
1  0  1  0  0  1  1  1  0  0  1  1  0  1  1  1  1  0  0  0  0  0  0  0  0
1  0  1  1  1  1  0  1  0  1  1  1  0  0  0  0  0  0  0  1  0  0  1  0  1
0  0  1  1  1  0  0  0  0  0  0  1  1  0  1  0  0  1  0  0  1  0  1  1  0
1  0  0  1  0  1  0  1  1  0  0  0  0  0  1  1  1  0  0  1  1  1  0  1  1
0  0  0  1  0  0  0  0  0  0  0  0  0  0  1  1  1  0  0  0  0  0  0  1  0
0  1  0  1  0  1  0  1  0  0  0  1  1  1  0  1  0  0  1  1  0  1  1  1  1
1  1  1  0  1  1  0  0  1  0  1  0  1  1  1  1  1  0  0  1  0  1  0  0  1
1  0  0  1  1  1  0  1  0  1  0  0  0  1  0  1  0  1  1  1  1  0  1  0  0
1  0  0  1  0  1  1  0  0  1  0  0  0  0  0  0  1  0  0  0  1  0  0  0  1
1  0  0  1  1  1  1  1  1  0  1  1  0  1  1  1  1  1  0  1  0  1  1  1  1
$14
1  0  1  1  0  0  0  0  1  0  0  0  0  1  0  1  0  0  0  1  1  0  1  1  0
0  0  1  0  0  0  0  0  1  1  0  0  0  1  1  0  1  0  0  0  0  0  0  0  0
0  1  1  1  0  1  0  1  1  0  0  0  1  1  1  0  1  1  1  1  1  1  0  0  0
0  1  0  0  0  0  1  1  0  1  0  0  1  1  0  1  1  0  1  1  0  1  0  0  0
0  1  1  0  0  1  1  1  1  1  1  1  1  1  1  1  1  1  1  1  1  1  0  0  1
0  1  0  0  0  1  0  1  0  0  1  0  0  1  0  0  1  0  0  0  0  0  0  0  0
1  0  0  1  0  0  1  0  1  1  1  1  1  1  0  1  0  0  1  1  1  0  1  1  1
1  0  0  1  1  1  0  0  0  0  0  1  1  0  1  1  1  1  0  1  1  1  0  1  1
1  0  0  0  1  0  1  1  1  1  0  0  1  1  0  0  1  1  1  0  1  1  1  1  0
1  0  1  1  0  0  0  0  1  1  0  0  0  1  0  0  0  1  1  1  1  1  0  0  1
0  1  0  1  1  0  1  1  0  1  1  0  1  0  0  1  1  0  1  0  0  0  0  1  1
0  0  0  0  0  0  0  1  1  0  1  1  0  0  1  0  0  1  1  1  1  1  0  1  1
0  0  0  1  1  1  0  0  1  0  0  0  1  0  1  0  1  1  0  1  0  1  1  1  0
0  0  0  0  1  0  0  1  1  1  0  0  1  0  0  0  0  0  0  0  1  1  0  0  1
0  0  1  0  0  0  0  0  0  1  1  1  0  0  0  1  0  0  0  0  1  1  0  1  0
0  1  0  0  0  1  1  0  1  0  0  0  1  1  0  0  1  1  1  1  0  0  1  1  1
1  1  1  0  1  1  0  1  0  1  1  0  1  0  1  0  0  1  1  0  0  0  0  0  0
0  0  1  1  0  1  1  0  1  0  0  0  1  1  1  0  1  0  0  1  1  1  0  1  0
0  1  0  1  1  1  1  0  1  1  1  0  1  0  1  1  1  0  0  1  1  1  0  0  1
0  0  0  0  0  1  1  1  1  0  1  1  1  1  1  1  1  1  0  0  0  1  1  0  0
1  0  1  0  0  0  0  1  1  0  0  0  0  0  1  1  1  0  0  0  1  1  0  1  0
1  0  1  1  0  0  0  0  1  0  1  0  0  1  0  1  1  0  1  1  1  0  1  0  0
1  1  0  0  0  1  1  1  1  1  1  1  0  1  1  1  0  1  0  0  0  0  1  1  0
1  1  0  0  0  1  0  1  0  1  0  0  0  0  0  0  1  0  0  0  0  1  1  0  0
1  0  0  1  1  1  0  0  0  1  1  1  1  1  1  1  1  1  1  0  1  1  1  1  1
$15
0  1  1  1  1  1  0  1  1  0  0  1  1  0  0  1  0  0  1  0  0  1  1  0  0
1  0  0  0  1  0  1  1  0  1  0  1  0  0  1  1  0  1  1  0  0  0  1  1  0
1  1  0  0  0  1  0  0  1  1  1  1  1  0  1  0  1  1  0  1  1  0  0  1  1
1  1  1  1  1  0  1  0  0  1  0  0  1  1  1  1  0  0  0  0  0  1  1  1  1
1  0  0  1  1  0  1  1  0  1  0  1  1  0  0  0  1  1  1  0  1  0  1  0  0
1  1  0  0  0  0  1  0  0  0  0  1  1  0  1  1  1  1  1  0  0  1  0  1  0
0  1  0  1  1  0  1  1  1  1  1  1  0  1  0  0  1  1  0  0  1  1  0  1  1
1  0  1  1  0  0  0  1  0  0  0  0  0  1  0  0  0  0  0  1  1  1  0  1  0
0  0  1  0  0  1  0  0  1  1  0  1  0  0  0  0  1  0  0  0  0  1  1  1  0
1  1  0  1  1  0  0  1  0  0  1  0  1  0  0  1  0  1  1  0  1  1  1  1  1
1  0  0  1  1  1  1  0  1  0  0  0  0  0  1  1  0  0  0  0  0  1  1  1  1
1  0  0  1  0  1  0  1  1  1  1  0  0  0  1  1  0  1  1  1  1  1  1  1  1
0  1  0  0  0  1  0  0  0  1  1  1  1  0  1  0  0  1  0  0  0  0  0  0  1
1  0  1  1  0  0  1  0  1  0  0  0  1  0  0  1  0  1  1  1  0  1  1  0  1
0  0  1  0  0  0  1  0  1  1  0  0  1  1  1  1  1  1  1  0  0  0  0  1  0
1  0  0  0  0  1  0  0  0  0  1  0  1  0  1  1  0  1  1  1  1  0  1  0  1
1  0  1  1  0  1  1  1  0  0  1  1  1  1  0  1  1  1  1  1  0  1  0  1  1
0  0  1  0  1  1  1  0  1  0  1  0  0  1  0  1  1  0  0  1  1  0  1  0  1
1  1  0  0  1  0  0  1  1  1  0  0  1  0  0  0  1  0  1  0  0  1  0  1  0
0  1  0  0  0  0  0  0  1  0  1  0  1  0  0  1  0  0  0  0  1  0  0  0  0
0  1  0  0  0  0  1  1  1  0  0  0  1  0  0  1  0  1  0  1  0  1  0  1  0
1  1  1  0  0  0  0  1  1  0  1  0  1  1  0  0  0  0  1  1  1  1  1  0  0
0  0  1  1  1  1  1  0  1  1  0  1  1  0  1  1  0  0  0  0  1  0  0  1  1
1  1  0  1  1  0  0  0  1  0  0  1  0  0  1  0  0  1  1  0  1  0  0  1  1
0  0  0  1  0  0  0  0  1  0  1  1  0  0  0  0  1  0  1  1  1  1  1  0  0
$16
1  0  1  1  0  1  0  1  0  1  0  1  1  0  0  1  0  0  0  0  1  1  1  1  1
1  0  1  1  0  1  0  0  1  1  1  0  0  0  0  0  0  1  1  1  0  0  1  0  1
1  1  0  1  1  0  0  0  0  1  0  0  1  1  1  0  1  0  0  0  1  0  1  1  0
1  0  0  0  0  1  0  0  1  0  1  0  1  1  1  1  0  0  1  0  1  1  1  0  1
1  1  0  0  1  0  1  1  1  0  0  1  1  1  0  1  0  0  1  0  0  1  1  0  1
1  1  1  1  1  0  1  1  1  0  0  1  1  1  1  1  1  0  0  1  0  1  0  0  1
1  0  0  0  1  1  0  0  0  1  1  0  0  0  1  0  0  0  1  1  1  1  0  0  0
1  1  1  1  1  1  1  1  0  0  0  0  1  0  1  0  0  0  1  0  1  1  1  0  0
1  0  0  1  0  1  0  1  0  1  0  1  0  0  0  0  0  0  1  1  1  1  0  0  0
1  0  0  0  1  1  0  1  0  0  1  1  1  1  1  1  1  1  0  1  0  0  0  1  0
0  1  0  1  0  1  1  1  0  1  0  0  0  1  1  0  0  0  0  1  0  1  1  1  0
1  1  1  0  1  1  0  1  0  0  0  0  1  0  0  0  0  1  0  1  0  1  0  0  1
0  1  1  1  1  0  0  1  0  1  0  0  1  0  0  1  0  0  1  0  0  0  1  0  1
0  0  1  1  0  0  0  0  1  1  0  0  0  1  0  1  0  1  0  1  1  0  1  0  0
1  1  1  0  1  0  0  1  0  0  1  0  1  0  1  0  1  1  1  1  0  0  0  0  1
1  0  1  1  1  1  1  1  0  1  0  1  0  0  1  1  0  1  1  0  1  0  1  1  0
0  0  0  1  0  1  0  1  0  1  0  1  1  0  1  0  1  1  0  0  0  0  0  0  0
1  0  1  0  0  1  0  0  0  0  0  0  0  1  1  0  0  1  1  0  1  0  0  1  0
1  1  1  0  0  0  0  0  0  1  0  0  0  1  0  1  0  1  1  1  0  0  0  1  0
0  0  0  1  0  0  1  1  0  1  1  0  0  1  1  1  1  0  0  1  0  0  0  1  1
1  0  1  1  1  0  0  0  0  1  1  1  0  0  0  1  0  0  1  0  0  0  0  0  0
0  0  1  0  1  1  1  1  0  0  0  1  0  0  1  0  1  0  0  0  0  1  1  0  0
1  1  1  1  0  1  1  1  0  1  0  1  0  0  1  0  1  1  1  1  1  1  1  0  0
1  1  1  1  1  1  0  0  0  1  1  1  1  1  1  1  0  1  1  0  0  1  1  0  1
0  1  1  1  1  1  1  0  1  0  0  1  0  0  1  1  1  0  1  0  1  0  0  0  1
$17
1  1  0  1  0  1  0  1  1  1  0  1  1  0  0  1  0  1  0  1  0  0  0  1  0
0  1  1  0  1  0  0  0  0  1  1  1  1  1  0  1  1  1  1  1  0  1  1  0  1
0  0  0  0  1  0  1  0  0  1  0  0  1  1  0  1  1  0  1  0  1  0  0  0  0
1  1  0  1  0  1  1  0  1  0  0  0  1  0  0  0  0  1  0  1  0  1  0  1  1
1  1  0  1  1  1  0  0  1  0  1  0  1  0  0  0  1  1  0  0  1  1  1  1  0
1  0  0  0  0  0  0  0  0  0  0  1  1  0  1  0  1  1  1  0  0  0  1  0  1
1  1  1  0  0  1  1  0  1  0  0  0  0  0  0  0  0  0  1  1  0  0  0  1  1
0  1  0  1  1  1  1  0  1  0  0  1  1  1  1  0  1  0  1  1  1  1  1  0  1
0  1  1  0  0  1  0  0  0  0  1  0  0  0  0  0  1  1  0  1  1  0  1  0  0
1  0  1  0  0  1  1  0  0  0  1  1  0  1  0  0  1  0  0  1  1  1  1  0  1
1  0  1  1  0  1  1  1  1  0  1  0  0  0  1  0  1  0  0  1  0  0  1  0  1
1  0  1  0  1  0  0  0  0  1  0  1  0  0  0  1  1  1  1  0  1  0  1  1  1
0  0  1  1  1  1  1  0  0  0  1  0  1  0  1  0  0  0  0  1  1  0  0  1  0
0  0  1  1  0  0  1  1  0  0  1  1  1  0  0  1  0  0  0  0  1  1  0  1  0
1  0  1  1  1  0  0  0  1  0  1  0  0  0  0  1  0  1  0  0  0  0  0  0  0
0  1  0  1  1  0  0  1  0  1  1  1  1  0  0  0  0  0  1  1  0  0  0  1  1
0  1  0  1  0  0  0  1  0  1  0  0  1  1  1  1  1  0  1  1  1  1  0  1  0
1  1  0  0  0  1  0  1  0  1  1  0  1  0  1  1  1  1  0  1  0  1  1  1  1
1  0  1  1  1  0  1  0  0  0  0  0  1  0  0  0  1  1  0  1  1  1  1  1  1
1  1  0  1  0  0  1  1  0  0  1  1  0  1  1  1  0  1  0  0  0  1  0  0  1
0  1  1  1  0  0  0  1  1  1  1  0  1  1  1  1  1  0  0  1  0  0  0  0  0
0  1  1  0  0  0  0  0  0  0  0  1  1  1  0  1  0  1  0  0  0  0  1  1  1
1  0  0  0  1  1  0  1  1  1  1  0  1  1  1  0  1  0  0  1  0  0  0  1  1
1  1  0  1  0  1  1  0  0  1  1  1  0  0  0  0  0  1  1  1  1  0  0  0  1
1  1  1  1  0  0  0  1  1  0  1  0  1  0  0  0  1  0  0  1  0  0  1  1  1
$18
1  0  1  1  1  1  0  0  0  1  1  1  0  1  1  0  1  1  0  1  1  1  0  1  1
0  1  0  0  0  1  0  0  1  0  0  0  0  0  0  0  0  0  1  0  1  0  1  0  0
1  1  1  1  0  0  1  1  0  1  1  0  0  1  1  0  0  1  1  0  0  1  0  1  1
1  0  0  1  0  1  1  1  1  0  0  1  0  1  0  0  1  0  0  0  1  0  1  0  1
1  1  1  1  1  1  1  0  0  0  0  0  0  1  1  0  0  1  1  1  1  1  0  0  0
1  0  0  0  1  0  1  0  1  1  0  1  1  0  1  0  1  1  1  1  0  0  1  1  1
1  1  1  0  1  0  0  1  1  1  1  1  1  1  1  1  1  1  1  1  1  1  1  1  1
0  1  1  1  1  0  1  1  1  1  0  1  0  1  0  0  1  1  1  1  1  1  1  1  1
1  0  0  0  0  0  1  1  1  1  1  1  1  1  1  1  1  1  1  1  1  1  1  1  1
1  1  1  1  1  1  1  1  1  1  1  1  0  1  1  0  1  1  1  1  1  1  1  1  1
1  1  1  1  0  0  1  1  1  1  1  1  1  1  1  1  1  1  1  1  1  1  1  1  1
1  1  0  1  1  1  1  1  1  1  1  1  1  1  1  0  1  1  1  1  1  1  1  1  1
1  1  0  1  0  1  1  1  1  1  1  1  1  1  1  1  1  1  1  1  1  1  1  1  1
0  1  0  1  1  1  1  1  1  1  1  1  1  1  1  1  1  1  1  1  1  1  1  0  1
1  1  1  1  1  1  1  1  1  1  1  1  1  1  1  0  1  1  1  1  1  0  1  1  1
1  1  1  1  1  1  1  1  1  1  1  0  1  1  1  1  1  1  1  1  1  1  1  1  1
1  1  1  1  1  1  1  1  1  1  1  1  1  1  1  1  1  1  1  1  1  1  1  1  1
1  1  1  1  1  1  1  1  1  1  1  1  1  1  1  1  1  1  1  1  1  1  1  1  1
1  1  1  1  1  0  0  1  1  1  0  1  0  1  1  0  1  1  1  0  1  0  1  1  1
1  1  1  1  0  1  0  1  1  1  1  1  1  1  0  1  0  1  1  1  1  1  0  1  1
1  0  1  1  0  1  0  0  0  0  1  1  1  0  0  1  1  0  1  0  1  1  1  1  1
0  1  0  1  1  1  1  1  1  1  1  1  1  1  0  1  1  0  1  0  1  1  0  1  1
1  1  1  0  0  0  0  1  0  1  1  1  1  0  1  1  1  0  1  0  1  1  1  1  1
1  0  1  1  0  1  0  0  1  1  1  1  0  0  1  1  1  1  1  1  0  0  1  0  0
0  0  1  0  0  1  0  0  1  0  1  1  1  1  1  1  1  0  1  0  0  1  0  0  1
$19
0  0  1  1  0  0  1  0  0  1  1  1  1  0  0  0  0  1  1  0  0  0  1  0  1
0  0  0  1  0  1  0  1  1  1  1  0  1  0  1  1  1  0  1  0  1  1  1  0  1
1  1  1  1  0  1  1  0  0  0  1  1  0  0  0  0  0  0  1  1  1  1  0  0  1
1  1  0  0  1  1  0  0  0  0  1  0  0  0  1  1  1  1  0  1  1  0  0  0  1
1  1  0  1  1  0  1  1  1  0  0  1  0  1  1  0  1  0  1  1  0  0  0  0  0
1  0  0  0  0  0  0  1  0  1  1  0  1  0  0  0  1  1  0  1  0  0  1  0  1
0  0  1  0  1  1  1  0  1  1  1  0  0  1  1  1  0  1  1  0  1  1  1  0  0
1  0  1  1  0  0  1  0  1  1  1  1  0  0  1  1  0  1  1  1  0  0  0  0  0
0  1  0  0  0  0  0  0  0  0  0  1  1  1  0  1  0  0  0  0  0  1  0  1  1
1  0  1  0  1  0  1  1  0  1  1  1  0  1  0  1  0  0  0  1  1  1  1  1  1
1  0  1  1  0  1  0  0  0  0  0  0  0  1  0  1  1  0  0  0  0  1  0  1  1
1  0  1  1  0  1  0  0  0  0  1  0  0  0  0  0  0  0  0  1  1  1  0  1  0
0  1  0  1  1  1  0  1  0  0  1  1  1  1  1  0  0  0  1  1  0  0  0  0  1
1  1  1  1  1  0  1  0  1  0  0  1  0  0  0  1  1  0  0  1  0  1  1  0  0
0  1  1  1  1  0  0  1  1  1  0  0  1  1  0  0  1  1  1  1  0  1  0  0  1
0  1  0  0  1  1  0  1  1  1  0  1  0  0  0  0  1  1  0  0  1  1  0  1  1
0  0  0  0  0  0  1  1  1  0  0  0  0  0  1  0  1  0  1  1  0  1  1  1  0
1  0  0  1  0  0  1  1  0  0  0  1  0  0  1  0  0  0  1  0  0  1  1  1  1
1  1  1  1  0  1  0  0  1  1  0  1  0  1  1  1  0  1  0  1  1  1  0  0  1
0  0  1  0  1  0  1  1  0  1  1  0  1  1  1  0  1  1  1  0  0  1  1  0  1
0  1  0  0  0  0  0  0  0  0  0  0  1  0  1  0  1  0  1  0  0  1  0  1  0
0  1  1  1  0  1  0  0  0  1  0  1  1  0  0  0  1  0  1  1  1  1  1  0  0
1  1  0  0  1  1  0  0  0  0  0  0  0  0  0  1  1  1  0  0  1  1  1  1  0
1  0  1  1  1  0  1  1  1  0  0  1  1  0  1  0  0  0  0  1  1  1  1  0  1
1  1  0  0  1  0  0  1  1  0  1  1  1  1  1  0  1  1  0  1  0  0  0  0  0
$20
0  0  1  0  0  0  0  1  1  0  0  1  1  1  1  0  0  1  1  0  0  0  1  1  0
1  1  1  0  0  0  0  0  0  1  1  0  1  0  0  0  1  1  1  1  0  1  0  0  0
1  1  1  0  0  0  0  0  1  1  0  1  1  1  1  1  0  0  0  1  0  0  1  1  1
0  1  1  0  0  1  0  1  0  0  0  1  1  1  0  0  0  1  1  0  0  1  0  0  0
1  1  1  1  1  0  1  0  0  1  1  1  1  1  0  1  1  0  1  1  0  1  1  1  0
0  1  1  1  0  1  1  0  0  1  0  0  1  0  1  1  1  0  1  0  1  0  0  1  0
0  1  0  1  1  0  0  0  0  1  0  0  0  0  1  1  0  1  1  0  1  0  1  0  0
0  0  0  1  1  1  1  1  0  1  0  1  0  0  0  1  0  1  1  0  0  0  1  1  0
1  1  0  0  0  1  0  0  0  1  0  0  0  1  0  1  0  1  0  0  0  0  0  0  1
0  0  0  1  1  1  1  1  1  1  1  0  1  0  1  0  0  0  0  1  0  0  0  1  0
0  1  0  0  0  0  0  1  0  1  0  0  1  1  0  0  0  0  0  0  0  1  0  0  1
0  0  1  0  0  0  0  1  0  0  0  1  0  1  1  0  1  0  1  1  1  0  0  1  1
1  1  0  1  1  0  1  0  0  1  0  0  0  1  0  0  0  0  0  0  0  1  0  0  0
1  0  1  1  0  0  1  1  1  0  1  0  1  1  1  1  1  0  0  0  1  0  0  1  0
1  1  0  1  1  1  0  0  0  0  1  0  1  0  0  1  1  1  1  0  1  0  1  1  0
1  1  0  1  0  0  1  1  0  1  0  0  0  1  0  0  1  1  1  1  1  0  1  0  0
0  0  0  1  0  0  1  0  0  1  0  1  0  0  0  1  1  1  0  1  0  0  0  1  1
0  1  1  1  1  1  1  0  1  0  1  1  1  0  0  1  0  0  1  1  1  0  1  0  0
1  1  1  0  1  0  1  0  1  1  0  0  1  1  0  0  0  1  1  0  1  1  1  1  1
0  1  1  1  1  1  1  1  1  1  1  1  1  0  0  0  1  1  0  1  0  0  1  1  1
1  1  1  0  1  1  1  1  0  1  1  0  1  0  0  1  1  1  1  0  1  1  1  0  1
1  1  0  1  0  1  1  0  0  1  0  1  0  1  1  1  1  0  0  0  1  0  0  0  1
1  1  0  1  1  0  0  1  1  0  1  0  0  0  0  1  1  1  0  1  0  0  0  1  1
0  0  0  1  1  1  1  1  1  1  0  0  0  0  0  0  0  0  0  0  0  1  0  0  0
0  1  0  1  1  0  0  0  0  1  1  1  0  1  1  1  1  0  0  0  0  1  1  0  1
$21
1  1  0  1  0  1  0  0  0  0  0  0  0  0  1  1  0  0  1  1  1  0  1  0  0
1  0  0  0  1  1  0  0  1  1  0  1  1  0  1  0  0  1  1  1  1  0  0  1  0
1  0  0  1  1  1  0  0  0  0  1  0  1  0  1  0  0  0  0  0  0  1  0  1  1
0  1  1  1  0  1  1  0  0  0  0  1  1  0  1  1  1  0  0  1  1  0  1  1  1
1  0  0  1  1  1  0  0  1  1  0  0  0  1  0  0  0  0  0  1  1  1  1  1  1
0  1  1  1  1  0  0  1  0  1  1  1  1  1  1  1  1  0  1  0  1  0  0  1  0
0  0  1  0  1  0  0  0  1  0  0  0  0  0  1  1  0  0  1  0  1  0  1  0  1
0  0  0  0  1  1  0  1  0  1  1  1  0  0  1  0  1  1  1  1  1  0  0  1  1
0  0  1  0  1  0  0  0  0  1  0  0  1  0  0  1  0  1  0  1  1  0  0  0  1
1  1  1  0  0  1  1  0  1  0  1  0  1  0  0  1  1  1  0  0  1  1  0  0  1
0  1  0  1  1  0  1  0  0  0  0  1  0  1  1  0  1  0  1  0  0  0  0  0  0
1  0  1  1  1  1  1  0  0  0  0  0  1  0  1  1  1  1  0  0  0  1  1  1  1
1  0  1  0  0  0  1  0  0  1  0  0  0  0  1  1  1  1  1  1  1  1  0  1  1
1  0  0  0  0  0  1  0  0  1  1  0  0  0  0  1  0  1  1  0  1  0  0  1  0
1  0  0  1  1  0  0  0  0  1  1  1  0  1  1  1  0  1  1  0  0  0  1  0  1
1  1  0  1  1  1  1  0  0  0  1  0  1  0  1  0  0  1  1  1  0  1  0  0  1
0  0  1  0  0  1  1  1  1  0  0  1  0  1  0  0  0  0  0  1  0  0  1  0  0
0  0  0  1  0  0  1  1  1  0  1  0  0  1  0  1  0  0  1  1  0  0  1  0  1
1  1  0  0  1  0  0  1  0  0  1  1  0  1  1  1  0  0  1  1  0  0  0  0  0
0  1  1  0  0  1  1  0  0  1  1  1  1  1  0  1  0  0  1  1  0  1  1  1  0
1  1  1  1  0  1  0  1  0  0  0  0  0  1  1  1  1  0  1  1  0  0  1  0  1
1  1  0  0  1  0  0  0  0  1  1  1  1  0  0  1  1  1  0  0  0  0  0  1  1
1  1  0  1  1  0  0  1  1  1  1  0  1  1  1  0  1  1  0  1  0  1  0  0  1
1  1  1  1  0  0  1  0  0  1  1  1  0  0  1  1  0  0  0  1  1  0  0  1  1
1  0  1  0  1  0  0  0  1  0  0  1  1  1  1  0  0  0  0  1  0  1  0  1  0
$22
1  0  1  0  1  1  1  0  1  1  1  1  1  1  1  1  0  1  1  0  1  0  0  0  0
1  1  0  0  1  0  0  0  0  0  0  0  1  1  1  1  1  1  0  1  0  1  0  1  0
0  1  0  0  1  1  1  0  0  0  1  0  1  0  1  1  0  1  0  1  1  0  1  1  1
0  0  0  0  0  0  0  0  1  1  0  0  0  1  0  0  1  1  1  1  1  0  1  0  1
0  1  0  0  1  0  0  0  1  1  1  0  0  1  0  0  1  1  0  1  1  0  0  1  0
1  0  0  0  0  0  1  0  0  0  1  1  1  1  0  1  1  0  0  1  0  0  0  0  0
1  1  0  1  1  0  1  0  0  0  0  1  0  0  0  1  1  1  1  0  0  1  0  1  0
1  1  0  0  1  1  1  1  1  0  1  0  0  0  0  1  1  1  1  1  0  0  0  1  1
1  0  1  1  1  1  0  0  1  0  0  0  1  0  1  1  0  0  1  0  1  1  0  0  1
0  1  1  0  1  1  1  0  1  0  0  0  0  0  1  1  0  1  1  0  1  1  0  0  0
0  1  0  1  0  1  0  0  1  1  0  0  1  1  1  0  1  0  0  0  0  0  1  0  0
1  1  0  1  1  1  0  1  0  0  1  0  1  0  1  0  1  1  0  1  0  0  0  0  1
1  1  0  0  0  1  1  0  0  0  0  0  0  0  1  1  1  0  1  1  0  1  1  1  1
1  1  1  0  1  0  1  1  0  1  1  0  0  1  0  0  1  1  1  1  0  1  0  0  0
0  1  0  1  0  0  0  1  0  1  1  1  0  1  0  0  1  0  1  0  0  1  0  0  0
0  0  1  0  0  0  1  1  1  1  1  1  0  0  1  1  1  1  0  1  1  0  1  0  1
1  1  1  1  0  0  1  1  1  1  1  1  1  1  1  1  0  1  0  0  1  0  1  0  1
0  1  1  1  0  0  0  1  1  1  1  1  0  1  0  0  0  0  0  0  1  1  1  0  0
1  1  0  0  0  0  0  1  0  0  1  0  1  1  1  1  0  1  0  0  1  0  0  0  1
0  0  0  0  1  0  1  0  1  0  0  1  0  0  1  1  1  0  0  0  1  1  1  0  1
0  0  0  1  1  0  1  0  1  1  1  1  1  1  0  1  1  0  1  1  0  1  0  0  0
0  0  0  1  0  0  0  1  1  0  1  0  1  1  1  0  0  1  0  0  0  1  0  0  1
0  1  1  1  0  0  1  0  0  1  0  1  1  0  1  1  1  1  0  1  0  1  0  1  0
1  0  1  0  1  1  0  0  0  1  0  1  1  0  0  0  1  0  0  0  1  1  1  1  1
1  0  1  0  0  0  0  0  1  0  1  0  1  1  0  1  0  0  1  0  0  0  0  0  0
$23
1  1  1  1  0  1  0  0  1  0  1  1  0  0  1  0  1  1  0  1  0  0  1  0  0
0  1  1  1  0  0  0  0  1  0  1  1  0  1  1  0  0  1  0  1  1  0  1  0  1
1  0  0  0  1  1  1  1  1  1  0  1  0  1  1  0  1  1  0  1  0  0  1  1  1
0  1  1  1  0  0  1  1  0  1  1  1  1  1  0  0  1  0  1  1  1  0  0  1  1
1  0  1  0  0  0  0  0  0  1  0  0  0  1  1  0  1  1  0  1  1  0  1  0  1
0  0  1  1  1  0  1  1  0  1  0  1  0  1  0  0  0  1  1  0  1  0  0  1  0
1  0  0  0  1  1  1  0  1  0  1  1  0  0  1  1  0  1  1  0  0  0  1  1  1
0  1  0  0  0  0  0  0  1  1  1  0  0  0  1  1  1  1  1  1  0  1  1  0  1
0  0  1  1  1  0  0  0  1  0  1  0  1  0  1  0  0  0  0  1  0  0  1  0  0
0  0  1  0  1  0  0  1  0  1  0  0  0  1  0  0  0  0  0  1  1  1  0  1  1
0  0  0  1  0  1  0  1  0  0  1  0  0  1  1  0  1  0  0  0  0  1  1  1  1
1  1  0  1  1  0  1  0  1  0  0  1  1  1  0  1  0  0  1  1  0  0  0  0  0
1  1  0  0  0  0  0  0  0  0  1  0  0  0  1  1  0  0  1  1  1  1  1  0  0
1  1  0  1  0  1  1  0  1  0  0  1  0  1  0  0  1  0  0  1  0  0  0  1  1
1  1  1  0  0  0  1  1  1  1  1  1  0  0  1  0  1  0  1  1  1  0  1  0  0
1  1  1  0  1  1  0  0  0  0  1  0  0  1  1  0  0  0  1  0  0  1  1  1  0
0  0  1  0  1  0  0  1  1  0  0  0  1  1  1  0  1  0  0  0  0  0  0  1  1
1  0  1  0  1  1  1  1  0  0  1  0  1  1  1  0  1  0  0  1  1  0  0  1  0
1  0  0  1  0  1  1  0  1  0  1  1  1  0  1  0  1  0  1  0  0  1  0  1  1
1  1  0  0  1  0  1  0  1  1  1  1  1  1  0  0  0  0  0  0  0  0  1  1  0
0  0  0  0  1  0  0  1  1  0  0  1  1  0  1  1  0  0  0  1  1  1  1  1  0
1  1  1  1  0  0  0  0  0  1  1  1  0  1  1  0  1  0  1  0  0  0  0  0  0
0  1  1  0  1  1  1  0  0  1  1  0  0  0  1  1  1  1  0  0  1  1  0  0  0
0  0  1  1  0  1  1  1  1  0  1  0  1  1  1  1  0  1  0  1  1  1  1  0  0
1  0  0  1  0  0  1  0  1  1  0  0  1  0  1  0  0  0  0  0  0  0  1  0  1
$24
0  1  0  0  1  0  1  1  1  1  0  1  1  1  1  0  1  0  0  1  0  0  0  1  0
0  1  1  1  1  0  0  1  0  0  0  1  0  0  0  1  1  1  0  0  1  0  1  1  1
1  1  1  0  0  1  1  0  0  0  1  1  1  0  1  0  0  1  1  0  1  1  0  1  1
0  0  0  0  0  1  1  1  0  1  0  0  1  1  0  1  0  1  1  1  1  0  1  1  1
1  0  0  1  1  1  1  1  0  1  0  0  1  0  0  1  0  1  0  0  1  0  0  0  0
0  0  0  0  0  0  0  0  0  1  1  0  1  0  0  1  1  0  1  0  0  1  0  0  0
1  1  1  1  0  1  0  0  1  0  1  0  1  1  1  0  0  0  1  1  1  0  1  0  0
1  1  0  1  0  1  1  1  0  0  0  1  1  1  1  1  1  0  0  1  1  0  0  1  0
1  0  0  0  1  0  1  1  0  0  1  0  1  0  1  1  1  0  1  1  0  0  0  1  0
1  0  1  1  0  1  1  0  0  1  1  0  1  0  0  1  1  1  1  1  0  0  0  0  1
0  0  0  1  0  0  1  0  1  0  1  1  1  0  0  0  1  0  0  1  1  1  0  1  0
1  1  1  0  0  1  0  0  0  0  0  1  0  1  1  0  0  0  0  1  0  1  1  0  1
1  1  1  0  0  0  1  1  0  0  1  1  1  0  1  1  0  0  1  0  0  0  1  0  0
0  0  1  0  1  1  1  1  1  0  0  0  1  1  1  0  0  1  0  0  0  1  0  1  1
1  0  0  1  1  0  0  1  1  0  0  0  1  1  0  0  1  1  0  0  1  1  1  0  0
0  0  0  0  1  0  0  0  0  0  1  1  0  0  1  1  1  0  1  0  1  1  0  1  0
1  1  1  1  1  1  1  1  0  1  1  0  1  0  0  0  1  1  1  1  1  0  1  0  1
0  1  0  0  1  0  1  1  1  1  0  0  0  1  0  0  0  0  0  1  1  0  0  0  1
1  1  1  1  0  0  0  0  0  0  0  1  1  0  0  1  1  1  1  1  1  1  1  0  0
0  0  0  1  0  0  0  0  0  1  0  0  0  1  0  0  0  0  0  1  1  1  0  1  1
0  0  0  0  0  0  0  1  0  1  0  0  1  1  1  1  1  0  1  1  1  0  0  0  1
1  0  1  1  0  1  1  1  0  1  0  0  0  1  1  1  0  1  0  1  1  1  1  1  0
0  0  0  0  0  1  0  0  1  1  1  0  1  0  1  1  0  1  0  0  0  0  1  1  1
0  0  1  0  1  0  1  1  0  0  0  1  1  1  0  1  1  1  0  1  0  0  0  1  0
0  0  1  1  0  1  0  1  0  0  1  0  1  1  0  0  0  1  1  1  1  1  0  0  1
$25
1  1  1  0  0  1  1  1  1  0  0  0  1  0  1  1  1  1  1  0  1  0  1  0  0
1  0  0  0  0  0  1  0  1  0  1  0  1  1  1  0  0  1  1  0  0  0  0  0  1
1  0  0  1  1  1  0  0  0  1  0  1  0  1  1  0  0  1  0  0  0  0  0  0  0
1  0  0  1  0  1  1  0  1  1  0  1  0  0  0  0  1  1  1  1  0  0  1  1  1
0  0  1  1  0  1  1  0  1  1  1  0  1  1  1  0  0  1  1  1  0  1  1  1  0
1  0  0  1  1  1  1  0  1  1  1  0  0  0  0  1  1  0  1  0  1  0  1  0  1
0  1  0  1  1  1  0  1  0  0  0  0  0  1  1  1  1  1  1  1  1  0  1  0  1
1  0  0  0  1  1  0  0  0  1  1  0  1  0  0  0  0  1  1  1  1  0  0  1  0
1  1  1  0  1  0  0  0  1  1  1  0  1  0  0  1  0  0  0  0  1  0  1  0  0
1  0  0  0  1  1  1  1  0  1  1  1  1  1  1  1  1  0  1  1  0  1  1  1  0
1  0  0  1  0  0  1  1  0  0  1  0  0  0  1  1  1  1  1  0  0  0  1  1  1
0  0  1  0  1  1  0  1  0  0  1  1  1  1  0  1  0  1  0  0  1  0  1  0  0
1  1  0  1  0  1  1  0  0  0  0  0  0  1  0  0  0  1  1  0  1  0  1  1  1
0  1  0  1  1  1  0  0  1  0  1  0  1  1  1  0  1  1  1  0  0  1  1  0  0
0  0  1  0  1  1  0  0  1  0  1  0  1  0  0  1  0  0  0  0  1  0  0  0  1
1  1  1  1  0  0  0  0  1  1  1  1  0  1  0  0  0  1  0  1  1  0  1  1  0
1  1  0  0  0  1  1  0  1  0  0  1  0  1  0  1  0  1  1  1  1  1  1  0  0
1  0  0  1  1  1  1  0  1  0  0  0  0  0  1  1  0  0  1  0  0  0  1  1  0
0  1  1  0  1  1  1  1  1  1  0  1  1  0  1  1  0  1  0  1  1  0  1  0  1
0  1  0  0  1  1  0  1  0  1  0  1  0  0  0  1  0  1  1  1  0  0  0  0  0
1  0  0  0  1  0  1  0  0  1  1  1  1  1  0  0  1  1  0  0  0  0  0  0  0
0  0  0  0  0  0  1  1  0  0  0  0  1  1  0  0  1  0  1  1  0  0  1  1  1
0  0  1  0  1  0  1  1  0  0  1  0  0  0  0  1  0  0  0  0  1  0  0  1  1
0  0  0  0  0  1  1  0  1  0  1  0  0  1  0  0  1  0  1  1  0  1  0  0  0
0  0  1  0  1  0  1  1  1  0  1  1  0  1  1  0  1  0  1  0  1  1  0  0  0
$26
1  1  0  1  1  0  0  1  1  1  1  0  0  1  1  1  1  1  0  1  0  1  0  0  1
1  1  0  0  1  1  0  0  1  0  1  0  1  1  1  0  0  1  0  0  1  0  0  1  1
0  0  0  0  1  0  0  0  1  1  0  1  0  1  1  1  0  0  0  0  0  1  0  0  1
0  1  0  0  1  0  1  0  0  1  0  0  0  1  0  0  0  1  1  1  1  1  1  0  0
0  0  0  1  1  1  1  1  1  0  1  1  1  1  1  0  1  0  0  0  1  1  0  0  0
1  1  0  1  0  1  0  1  0  1  0  0  0  1  1  1  1  0  0  0  0  0  0  1  0
0  1  0  0  0  1  1  0  1  0  0  1  0  0  0  1  0  1  1  0  0  0  0  1  1
1  0  0  0  0  0  0  0  1  0  0  0  0  1  1  0  0  0  1  1  1  0  1  1  1
0  1  0  1  1  1  0  0  0  1  0  0  0  1  1  0  1  1  0  1  1  0  0  0  0
1  1  0  0  0  1  1  1  0  1  0  1  1  1  0  1  0  0  1  0  1  0  1  0  1
1  1  1  0  1  0  1  1  1  0  1  0  0  0  1  1  1  0  0  0  0  0  1  1  1
0  1  1  0  0  1  1  0  1  0  0  0  1  1  1  0  0  0  1  1  0  0  0  0  1
0  0  0  0  1  0  1  0  0  0  1  0  1  1  1  1  1  0  1  1  1  1  1  0  0
0  1  1  1  0  1  0  0  0  0  1  0  1  1  1  1  1  1  1  1  1  1  1  0  0
0  1  1  0  0  0  0  1  0  0  1  0  0  1  0  1  1  1  0  0  1  1  1  0  1
0  1  0  0  1  0  0  1  0  1  1  0  1  1  1  1  1  1  0  0  0  0  1  1  0
1  1  0  0  1  1  0  1  1  0  1  0  0  1  1  1  1  0  1  1  0  0  0  1  0
0  1  1  1  1  1  0  1  1  1  1  0  0  0  0  0  0  1  0  0  0  0  1  1  0
1  1  1  0  0  0  0  0  1  1  1  0  1  0  0  1  0  0  1  1  0  1  0  0  0
0  0  0  0  0  1  1  1  0  1  1  0  1  1  0  1  0  0  1  1  1  1  1  1  0
1  0  1  1  0  1  0  1  0  0  1  1  0  1  1  1  1  0  0  0  0  1  1  0  0
1  0  1  0  0  1  1  1  0  1  1  1  1  0  1  1  0  0  0  0  1  1  1  1  1
0  0  0  0  1  1  0  1  0  1  0  0  0  1  1  1  0  0  1  0  0  0  1  1  0
0  0  1  0  1  1  0  1  0  0  1  1  0  0  1  1  0  1  0  0  0  1  0  0  0
0  0  1  1  0  1  0  1  0  1  0  1  0  1  0  1  0  1  1  1  0  0  1  0  0
$27
1  1  1  0  1  1  1  0  0  1  1  0  1  1  1  0  1  0  1  0  1  1  0  0  1
0  1  0  1  1  1  1  0  0  0  0  1  0  0  1  1  1  1  1  0  0  0  0  0  1
1  1  0  0  0  1  0  1  0  0  0  1  0  0  0  1  1  0  0  1  1  1  1  0  1
0  1  1  0  1  0  0  0  0  0  0  0  1  1  1  1  0  0  1  0  1  1  1  0  1
1  0  1  0  1  1  1  1  0  1  1  0  1  1  1  0  1  1  1  1  1  0  1  1  0
1  0  0  0  1  0  0  1  0  0  1  1  1  0  0  0  0  0  0  0  1  1  0  0  0
1  1  0  1  1  0  1  0  1  1  1  0  1  0  1  1  0  0  1  0  1  0  1  0  0
0  0  1  0  0  1  1  1  0  0  0  1  0  1  1  1  0  0  1  0  0  0  1  0  1
0  1  0  0  0  0  1  1  1  0  0  0  0  0  0  1  0  1  1  0  1  0  1  1  0
1  1  1  0  0  0  0  1  0  0  1  0  0  1  0  1  0  0  1  1  1  1  1  1  0
0  1  0  1  0  0  1  1  0  0  0  0  0  1  0  0  0  1  1  0  0  1  0  0  1
1  1  0  0  0  1  0  1  0  0  0  1  1  0  1  1  1  1  0  1  1  0  0  1  0
1  0  1  0  0  0  0  1  0  0  0  1  0  0  1  0  0  1  1  1  1  1  0  0  0
0  1  0  1  0  0  1  1  0  1  0  0  1  0  1  0  0  1  1  0  0  0  1  1  0
1  1  0  0  1  0  0  1  0  1  1  1  1  0  0  0  1  1  0  0  1  0  0  0  1
0  0  0  0  0  1  1  0  1  1  1  0  0  0  1  1  1  1  0  1  0  1  0  0  1
1  0  0  0  0  1  1  1  1  1  0  0  0  0  0  1  1  1  0  0  0  1  1  1  0
1  1  1  0  1  1  0  1  1  1  0  0  0  0  0  0  0  0  1  1  0  0  1  1  1
1  0  0  1  0  0  0  0  1  1  1  0  0  1  0  1  1  1  0  1  1  1  0  0  1
1  0  0  1  1  0  0  1  0  0  1  0  1  0  0  0  0  1  0  1  1  0  0  1  0
0  0  1  1  0  1  1  1  0  0  1  1  1  1  0  0  1  1  1  0  1  1  0  0  0
0  1  1  1  0  0  0  0  0  0  1  0  1  0  0  0  1  1  1  0  0  1  0  0  1
1  0  0  0  0  1  1  0  1  0  0  1  1  0  1  1  1  0  0  0  1  1  1  0  1
1  1  0  1  1  0  0  0  1  1  1  1  1  0  1  1  0  1  1  1  1  0  1  1  1
0  1  1  1  1  0  1  1  1  0  1  0  0  0  1  0  0  0  0  0  1  1  1  1  1
$28
0  1  0  1  1  0  0  0  1  0  1  0  1  0  0  0  1  0  0  1  0  1  0  1  0
1  1  0  1  0  0  0  1  0  0  1  1  1  1  0  0  0  1  0  0  0  1  0  1  0
0  1  0  0  1  0  0  1  0  1  0  0  1  1  0  1  0  0  1  0  1  1  0  0  0
0  1  0  0  1  0  1  1  1  0  0  1  0  1  0  0  1  1  0  0  1  1  0  1  0
0  0  1  0  1  0  1  1  1  0  1  1  1  0  1  1  0  1  1  1  0  1  1  0  1
0  0  1  0  1  1  1  1  0  0  1  0  1  1  1  1  0  0  1  1  0  0  0  0  1
0  0  0  1  1  0  0  1  0  0  0  1  0  1  1  0  1  1  1  0  1  1  1  0  0
1  1  0  0  1  0  0  1  1  1  1  0  0  1  0  1  1  0  1  1  1  0  0  1  0
0  0  1  0  0  0  0  1  1  1  0  0  0  1  1  0  0  0  0  0  1  0  0  1  1
1  0  1  0  1  0  0  1  1  0  0  1  0  0  1  1  1  0  1  1  1  0  1  1  0
1  1  1  1  1  1  0  0  1  0  0  0  1  1  1  1  0  1  1  0  1  1  1  0  0
0  0  1  0  1  0  1  0  0  0  1  0  1  0  0  0  0  1  0  1  1  0  0  1  0
1  0  0  0  0  1  0  1  0  0  1  0  1  0  1  1  0  1  1  1  1  1  0  1  0
1  0  0  0  1  0  1  0  0  1  0  1  1  0  1  0  1  1  1  0  0  1  1  0  1
0  0  0  1  1  0  1  1  0  1  1  0  0  0  1  0  1  1  0  1  0  1  0  0  1
1  1  0  0  1  0  1  0  0  0  1  1  0  1  1  0  1  1  0  0  1  0  0  0  0
1  1  0  0  1  0  1  0  1  0  1  1  0  0  1  1  0  0  0  1  1  1  1  1  0
0  1  1  1  1  0  1  1  1  0  0  1  1  0  0  1  1  0  1  0  0  0  1  0  1
0  1  1  1  1  0  0  0  1  1  1  0  1  0  0  0  1  0  0  0  0  0  0  1  0
1  1  1  0  0  0  0  1  0  1  1  0  1  0  0  0  0  0  1  1  0  1  1  1  0
1  1  1  1  0  0  0  0  1  0  1  0  1  1  1  1  0  1  0  1  1  1  0  0  0
1  0  0  1  1  1  0  0  0  0  0  0  0  1  1  1  0  1  0  0  1  1  1  1  0
0  1  1  1  0  1  0  0  1  1  1  0  0  0  1  1  0  0  1  0  0  0  0  1  0
1  1  1  1  0  1  0  1  0  0  1  0  0  1  0  1  1  1  0  1  0  1  0  1  1
0  0  0  0  1  1  1  0  0  0  0  1  0  1  1  1  1  1  0  0  1  0  0  1  1
$29
1  1  1  1  1  0  0  1  0  1  1  0  1  0  0  1  1  0  1  1  0  0  1  1  0
0  0  0  1  0  1  0  1  0  1  1  0  1  1  0  0  1  1  1  1  0  1  0  1  1
1  0  0  0  0  0  0  0  1  0  1  1  1  0  1  1  1  1  0  0  1  0  0  0  0
0  1  0  1  1  1  0  0  0  1  1  1  1  1  0  0  0  1  0  1  1  1  1  1  0
0  0  0  1  1  0  1  1  0  1  1  0  0  1  1  1  1  1  1  0  1  1  1  1  1
1  1  0  1  1  0  0  0  1  0  0  1  1  1  1  1  0  0  1  0  1  0  0  1  1
1  1  1  0  1  1  0  0  1  1  1  0  1  1  1  1  1  0  0  0  1  0  0  1  0
1  1  0  0  0  0  0  0  1  0  0  1  0  0  1  0  0  1  1  1  1  0  0  1  0
1  0  1  1  0  0  1  0  0  1  1  0  0  0  0  1  1  0  1  1  1  1  0  1  0
0  1  0  0  1  1  0  1  1  1  1  1  0  1  1  0  0  0  0  0  1  0  0  1  0
1  1  0  0  0  0  0  1  0  1  1  1  1  1  0  0  0  1  1  1  0  1  0  0  1
0  1  0  0  0  0  0  0  0  0  1  0  0  1  0  1  0  0  1  0  1  0  1  0  0
0  1  1  0  0  1  0  1  0  0  0  1  0  0  1  1  0  1  1  1  0  0  0  0  0
0  0  0  1  1  1  0  1  0  0  1  0  0  0  0  1  1  0  0  1  0  1  0  1  1
1  1  0  0  0  1  1  0  0  0  0  1  0  1  1  1  0  1  1  0  1  1  1  0  1
0  1  1  0  0  1  0  1  0  0  0  0  1  1  0  1  1  1  1  1  1  0  0  0  1
0  1  1  1  0  0  0  1  0  0  1  0  0  1  1  0  0  1  1  0  1  0  1  1  0
0  0  1  0  0  0  1  1  1  1  0  1  0  0  0  1  1  1  1  1  1  0  0  1  0
0  0  1  0  0  1  1  0  1  1  0  1  0  0  1  1  0  1  0  0  1  1  1  0  1
1  0  0  0  0  1  1  1  1  1  0  1  0  0  1  1  0  0  1  0  0  1  1  0  0
1  1  0  1  0  0  0  0  1  0  0  1  0  1  0  0  1  1  0  1  0  0  0  1  0
1  1  1  0  0  0  0  0  0  1  0  1  0  0  1  0  0  1  0  0  0  0  0  1  1
0  1  1  0  0  1  0  0  0  1  1  0  1  0  1  0  1  0  1  1  0  0  1  0  1
1  1  0  1  1  1  0  0  0  0  1  0  0  1  0  1  1  1  0  0  0  1  0  1  0
0  1  0  0  0  0  0  1  1  1  0  0  1  0  1  1  1  0  0  1  1  1  0  1  1
$30
0  0  0  1  1  0  1  0  0  0  0  0  1  1  0  0  0  1  1  0  0  0  1  0  0
1  0  0  1  1  0  0  1  1  0  1  0  0  1  1  0  1  0  1  0  1  1  1  1  1
1  0  1  1  1  0  0  0  0  1  0  0  0  0  0  1  0  1  1  1  1  1  1  1  0
0  0  0  1  0  0  1  0  1  0  0  0  0  0  1  0  1  1  0  0  0  1  1  0  1
0  0  1  0  0  0  1  1  1  0  1  1  0  0  0  0  1  0  1  1  1  0  0  1  0
0  0  1  0  0  1  1  1  1  0  0  1  0  1  0  1  1  0  1  1  1  1  1  1  1
1  1  0  1  1  1  0  0  1  0  1  1  1  0  1  1  1  0  1  1  1  0  1  0  1
1  1  1  1  0  1  1  0  0  0  1  1  0  1  1  0  1  0  1  0  0  1  1  0  0
1  1  1  1  1  0  0  0  1  0  0  1  0  1  0  0  1  1  1  0  1  1  0  1  1
0  0  0  0  0  1  1  0  0  1  1  1  1  0  1  1  1  0  0  1  1  1  1  0  1
0  1  1  0  0  1  1  0  1  1  1  1  1  1  0  0  0  1  1  0  0  1  1  0  1
1  0  0  0  0  1  1  0  1  0  0  1  0  1  0  0  0  0  1  0  0  0  0  1  1
1  0  1  0  1  1  0  1  0  1  1  1  0  0  0  1  1  1  0  0  0  0  1  0  1
1  0  0  0  0  1  1  0  1  1  0  0  0  0  1  1  1  0  1  0  1  0  1  0  0
1  1  0  0  0  0  0  0  1  0  1  1  1  1  0  1  1  1  1  1  1  1  0  1  0
1  0  1  0  0  1  0  1  1  1  0  0  0  0  0  0  0  0  0  1  1  1  1  0  0
0  0  0  1  0  1  0  0  1  0  0  1  0  0  0  1  0  0  1  0  1  0  0  1  0
0  1  0  0  1  1  1  0  1  1  0  0  0  0  1  0  0  1  0  0  0  0  1  1  0
0  0  1  1  0  0  1  1  0  1  0  0  1  1  0  1  0  1  0  1  1  1  1  1  1
0  1  0  0  0  1  0  0  0  1  0  0  1  1  1  0  1  1  1  0  0  0  1  0  0
0  0  1  0  0  1  0  1  1  1  1  0  0  0  0  0  1  0  1  0  0  1  0  1  0
1  0  1  1  0  1  1  0  0  1  0  0  0  0  1  1  0  1  1  1  0  0  0  1  0
0  1  0  1  0  0  0  1  0  0  1  0  0  0  0  1  1  0  0  1  1  0  1  1  0
1  0  0  0  1  1  0  1  0  1  1  1  1  0  1  1  0  0  1  0  1  1  0  0  0
1  0  1  1  0  0  0  1  1  0  0  1  1  1  0  0  0  1  1  1  1  1  1  1  1
$31
0  1  0  0  0  1  0  1  0  1  1  0  0  0  0  0  0  1  1  1  1  1  0  1  0
0  1  0  1  1  0  1  1  1  0  1  1  0  0  1  0  0  0  1  0  0  0  1  1  1
1  1  0  1  1  1  0  0  0  1  0  1  0  0  0  1  0  1  0  1  0  1  1  1  0
1  0  0  1  1  0  1  0  0  1  1  0  0  1  0  0  1  0  1  1  0  0  0  1  1
1  1  0  0  1  1  1  1  1  1  1  0  1  1  0  0  1  0  0  0  0  1  0  1  1
1  0  0  0  0  1  0  1  1  1  1  0  0  0  1  1  1  1  0  0  1  0  1  0  0
0  1  0  1  0  1  0  1  1  1  0  1  0  1  1  0  1  1  0  0  0  1  0  1  0
0  1  0  0  0  0  0  0  1  1  1  1  1  0  1  0  1  0  0  0  1  1  1  1  1
1  0  0  1  0  0  1  1  1  1  1  0  0  1  1  1  0  0  1  0  0  0  0  0  1
0  0  1  1  1  0  0  0  1  1  1  0  1  0  1  0  0  1  0  0  0  1  0  1  1
1  1  0  1  0  1  1  0  1  0  0  1  1  0  0  0  0  1  0  1  1  1  1  0  1
1  1  1  1  0  1  1  0  0  1  1  1  0  1  1  0  1  1  0  1  0  0  0  1  0
1  0  0  1  1  1  1  0  0  0  1  0  0  1  1  0  1  0  1  1  0  0  0  1  0
0  1  1  0  1  0  1  1  1  0  1  1  1  0  1  1  1  0  1  0  0  1  0  1  0
0  1  0  1  1  0  1  0  0  0  0  1  0  0  1  1  0  1  1  1  0  1  1  1  1
0  0  0  1  0  0  1  1  0  0  0  1  0  1  0  0  0  0  1  0  1  0  1  1  1
0  1  0  0  1  1  0  0  0  1  1  0  0  1  0  1  1  1  1  0  1  0  0  1  0
1  1  1  1  0  0  1  0  0  0  1  0  1  0  1  0  1  1  0  1  0  0  0  0  1
0  1  1  0  0  0  1  1  0  0  0  0  1  1  0  1  1  0  0  0  0  0  0  0  1
1  1  0  1  0  0  1  0  0  1  0  1  0  1  0  1  1  1  1  0  0  1  0  0  1
0  1  0  0  0  1  0  1  1  0  0  0  0  0  1  1  0  0  1  1  1  1  1  0  1
0  1  1  1  1  0  0  1  1  0  1  0  0  0  0  0  0  0  0  1  1  1  0  0  0
0  0  1  0  0  0  1  0  1  1  1  0  1  1  0  1  1  1  1  1  0  1  0  0  0
0  1  0  1  1  0  1  1  0  0  0  0  1  0  0  0  1  1  1  0  1  0  0  1  1
0  0  1  0  1  0  0  1  0  1  0  0  0  0  0  0  0  1  0  1  1  1  0  1  1
$32
0  1  0  1  0  0  0  0  1  1  1  0  0  1  1  0  1  0  0  1  0  0  1  1  1
1  1  0  1  0  1  1  1  1  1  1  1  0  1  1  1  0  1  1  0  0  1  1  1  1
1  1  0  1  1  1  1  1  1  1  0  1  1  0  1  0  0  0  0  1  0  0  1  1  1
1  0  0  1  1  0  0  0  0  1  0  1  0  0  0  0  1  1  0  1  1  1  0  1  1
1  0  1  0  0  0  0  0  0  1  0  0  1  1  1  1  0  1  1  0  1  1  0  0  1
0  1  0  0  1  0  1  0  0  0  0  0  1  0  1  0  1  0  1  1  1  1  1  1  0
0  1  1  0  1  1  1  0  0  1  0  0  0  1  0  1  0  1  1  1  0  0  1  0  0
1  1  1  0  1  1  1  0  0  0  1  0  0  0  1  0  1  0  0  1  1  0  0  0  1
1  1  1  1  1  0  0  1  1  0  0  0  0  1  1  1  1  0  0  0  0  0  1  1  1
0  1  1  0  1  0  0  0  0  1  1  0  1  1  0  0  0  1  0  0  0  0  1  1  1
1  0  1  0  1  0  1  0  1  0  0  1  1  0  1  1  0  1  0  0  1  0  0  0  0
1  0  1  1  1  0  1  0  0  0  1  1  1  1  1  1  1  0  1  0  1  1  0  1  0
0  1  1  0  0  0  1  0  0  0  0  0  1  0  0  1  1  0  1  0  1  0  0  0  1
0  0  1  0  1  1  0  1  0  0  0  0  0  0  0  1  0  0  0  1  0  0  0  1  1
0  1  0  0  0  1  0  0  0  0  1  1  0  1  1  0  0  0  1  0  1  1  1  0  0
0  1  0  0  0  1  0  1  0  1  1  0  1  1  0  1  1  1  0  1  1  0  1  1  0
1  0  0  1  1  1  0  0  0  1  0  1  1  1  1  1  0  0  1  1  1  1  0  1  0
1  0  0  1  0  1  1  0  1  1  1  0  1  0  1  0  0  1  1  1  0  0  1  0  0
0  1  1  0  1  1  1  0  0  0  1  1  1  1  0  0  0  0  1  1  0  0  0  1  0
1  1  0  1  0  0  1  1  1  0  0  0  1  1  1  0  0  1  1  1  0  0  0  1  0
1  0  0  1  0  0  0  0  1  0  1  0  0  0  0  1  1  1  0  0  1  0  0  1  1
1  1  1  0  1  0  1  1  1  0  1  1  1  0  0  0  0  0  0  1  0  0  1  0  1
0  1  0  0  1  1  0  1  0  1  1  0  1  0  0  0  1  1  0  0  1  0  0  1  1
0  0  0  0  1  1  1  0  0  0  0  1  0  0  1  0  1  0  1  0  1  0  0  1  1
0  0  1  0  0  1  0  1  0  0  0  1  0  1  1  0  1  1  1  0  1  0  0  1  0
$33
1  1  0  0  1  0  0  0  0  0  1  1  0  0  1  0  0  1  0  1  0  1  0  1  0
0  1  0  0  0  0  0  1  0  1  1  1  1  0  1  0  0  0  1  1  0  0  0  1  1
1  0  0  0  0  1  0  0  1  0  1  1  1  1  1  1  0  1  1  0  0  1  0  0  1
1  0  1  1  0  0  0  0  0  1  0  1  1  0  1  0  1  1  0  0  0  1  0  1  0
0  1  0  1  0  0  0  0  1  0  0  1  1  0  0  0  1  1  0  1  1  1  0  0  0
1  1  0  1  0  0  1  1  0  1  1  0  1  1  0  1  0  1  0  1  0  1  0  1  0
1  1  0  0  0  1  1  0  1  1  1  1  0  0  0  0  1  1  0  0  0  0  0  1  1
0  1  1  0  0  0  1  0  0  1  1  1  1  1  0  0  0  0  1  0  1  1  0  1  1
1  0  0  0  0  1  0  0  0  1  1  0  1  1  1  1  0  1  0  0  1  0  0  0  1
0  1  1  0  1  1  0  0  1  0  0  0  1  0  1  1  1  0  1  0  0  1  0  0  1
1  1  0  1  0  0  0  0  1  0  1  0  0  1  1  0  0  1  0  1  0  1  1  0  1
0  1  0  0  0  1  1  1  0  1  0  0  1  1  0  1  0  0  1  0  1  0  0  1  1
1  1  0  0  0  0  1  1  0  1  1  0  1  1  0  1  0  1  0  1  1  1  1  1  1
1  0  1  1  1  1  0  1  1  1  1  1  0  0  1  0  1  1  1  1  0  1  0  1  0
1  1  1  0  0  1  1  0  1  1  1  1  1  1  0  1  0  1  1  0  1  1  0  0  1
1  1  1  1  1  0  1  0  0  1  1  0  0  1  0  1  0  0  1  1  1  0  0  0  0
1  0  0  0  0  0  1  1  0  1  1  1  1  0  0  0  0  0  1  0  0  1  1  1  0
1  1  0  1  1  0  0  0  0  1  1  0  1  1  0  1  1  1  0  0  0  1  1  1  1
0  1  0  1  0  0  0  0  1  0  0  0  1  0  0  0  0  0  1  0  1  0  0  1  1
0  1  0  1  1  1  1  0  1  1  1  1  0  0  0  0  0  0  1  0  0  1  1  0  0
1  1  0  0  0  0  1  1  0  0  1  0  0  0  1  1  0  0  1  1  0  0  1  1  0
1  0  1  0  0  1  1  1  0  1  0  0  0  0  0  1  0  0  0  1  0  1  1  1  1
0  0  1  1  0  0  0  1  1  1  0  1  0  0  1  0  0  1  0  1  1  1  1  1  1
0  0  0  1  1  1  0  0  1  1  0  1  1  1  0  0  0  0  1  1  1  0  1  1  1
0  0  0  1  0  0  0  1  0  0  0  0  1  0  0  1  1  0  1  1  0  1  0  0  0
$34
1  1  1  0  1  1  0  1  0  0  1  0  0  0  0  1  0  0  0  1  1  0  0  0  1
1  1  1  0  0  1  0  0  1  0  0  0  1  1  1  0  1  1  1  0  0  1  1  1  1
0  0  0  0  1  1  1  0  0  1  1  1  1  1  1  1  1  1  1  1  1  0  0  0  0
1  1  1  1  1  1  1  1  1  1  1  1  1  1  1  1  1  1  1  1  1  1  1  1  1
1  1  1  1  1  0  1  1  1  1  1  1  1  1  1  1  1  1  1  1  1  1  1  1  1
1  1  1  1  1  0  1  1  1  1  1  1  1  1  1  1  1  1  1  1  1  1  1  1  1
1  1  1  1  1  0  1  1  1  1  1  1  1  1  1  1  1  1  1  1  1  1  1  1  1
1  1  1  1  1  0  1  0  1  1  1  1  1  1  1  1  1  1  1  1  1  1  1  1  1
1  1  1  1  1  1  1  1  1  1  1  1  1  1  1  1  1  1  1  1  1  1  1  1  1
1  1  1  1  1  1  1  1  1  1  1  1  1  1  1  1  1  1  1  1  1  1  1  1  1
1  1  1  1  1  1  1  1  1  1  1  1  1  1  1  1  1  1  1  1  1  1  1  1  1
0  1  1  1  1  1  0  1  1  1  1  1  1  1  1  1  1  1  1  1  1  1  1  1  1
1  1  1  1  1  1  1  1  1  1  1  1  1  1  1  1  1  1  1  1  1  1  1  1  1
1  1  1  1  1  1  1  1  1  1  1  1  1  1  1  1  1  1  1  1  1  1  1  1  1
1  1  1  1  1  1  1  1  1  1  1  1  1  1  1  1  1  1  1  1  1  1  1  1  1
1  1  1  1  1  1  1  1  1  1  1  1  1  1  1  1  1  1  1  1  1  1  1  1  1
1  1  1  1  1  1  1  1  1  1  1  1  1  1  0  1  1  1  1  1  1  1  1  1  1
1  1  1  1  1  1  1  1  1  1  1  1  1  1  1  1  1  1  1  1  1  1  1  1  1
1  1  1  1  1  1  1  1  1  1  1  1  1  1  0  1  1  1  1  1  1  1  1  1  1
1  1  1  1  1  1  1  1  1  1  1  1  1  1  1  1  1  1  1  1  1  1  1  1  1
1  1  1  1  0  1  1  1  1  1  1  1  1  1  1  1  1  1  1  1  1  1  1  1  1
1  1  1  1  1  1  1  1  1  1  1  1  1  1  1  1  1  1  1  1  1  1  1  1  1
1  1  1  1  0  1  1  1  1  1  1  1  1  1  1  1  1  1  1  1  1  1  1  1  1
1  1  1  1  0  1  1  1  1  1  1  1  1  1  1  1  1  1  1  1  1  1  1  1  1
1  1  0  1  1  1  1  1  1  1  1  1  1  1  1  1  1  1  1  1  1  1  1  1  1
$35
1  1  1  1  1  1  0  1  1  0  1  1  1  0  0  1  0  1  1  1  0  1  1  1  0
1  0  1  1  0  0  0  0  0  0  1  0  0  0  1  1  1  0  1  1  1  0  0  0  1
1  0  1  0  1  0  1  0  0  0  0  0  1  0  0  0  1  0  0  1  0  0  0  0  0
0  1  0  0  0  0  1  1  0  0  1  1  0  0  1  1  1  1  1  1  1  1  1  1  0
1  1  0  0  1  0  0  1  1  1  1  1  1  0  1  1  1  0  0  0  1  0  1  0  0
0  1  1  0  0  1  1  1  0  0  0  1  1  0  1  1  1  0  1  0  0  1  0  1  1
0  0  0  0  1  0  0  0  1  1  0  1  1  0  1  1  0  1  1  1  0  0  0  1  0
1  0  1  0  1  0  0  0  0  0  0  0  1  0  1  0  1  1  1  0  0  0  1  1  0
0  1  1  0  1  1  0  1  1  0  1  0  1  0  0  0  0  0  0  1  1  1  0  0  0
1  0  1  0  1  1  0  1  0  1  0  1  1  1  1  0  1  0  1  1  1  1  1  0  0
1  1  1  0  1  1  0  0  1  1  1  0  1  1  1  1  1  1  1  1  0  0  0  0  1
0  1  1  1  0  1  1  0  0  1  0  1  1  0  0  0  1  0  0  1  0  0  1  0  0
1  1  0  1  1  1  1  1  0  1  0  1  0  1  1  1  1  0  0  0  0  0  0  1  0
1  1  1  0  0  0  1  0  1  0  1  0  0  1  0  0  1  0  0  0  0  1  0  1  0
0  0  1  1  1  0  1  1  0  0  0  1  0  0  0  1  0  1  0  0  1  0  1  0  1
0  0  0  0  0  0  1  0  1  1  0  1  0  0  0  1  0  0  1  0  0  0  0  1  0
1  1  0  0  1  0  0  0  1  1  0  1  1  0  1  1  1  1  0  0  1  1  1  1  1
0  0  0  0  1  0  0  1  0  1  0  0  0  0  1  0  1  1  0  1  1  1  0  1  0
1  0  0  0  0  0  0  1  1  1  1  1  0  0  1  0  1  0  1  0  1  0  1  1  0
1  0  1  1  0  1  0  1  0  0  0  1  0  1  0  1  1  1  1  0  1  0  1  1  0
0  0  0  0  0  1  1  0  0  0  0  0  0  1  0  1  0  0  0  1  0  0  0  1  1
1  1  1  1  1  1  1  0  1  0  0  0  0  0  0  1  0  1  1  0  1  1  0  1  0
1  1  0  1  1  1  1  0  1  0  1  0  1  0  1  1  1  1  1  0  1  0  1  1  1
0  0  1  1  0  1  1  1  1  0  0  0  1  1  1  0  1  1  1  1  0  0  1  0  0
0  0  0  0  1  0  1  0  0  0  0  0  1  0  0  0  0  1  0  1  1  0  0  0  1
$36
0  0  1  1  0  0  1  1  1  1  1  1  0  1  0  1  0  0  0  0  0  0  1  0  1
1  1  0  1  1  0  0  0  0  1  0  0  1  0  1  0  1  1  1  0  1  1  1  1  0
1  1  0  0  1  1  1  1  1  1  1  1  1  1  1  1  1  1  1  1  1  1  1  1  0
1  0  1  0  1  1  1  1  1  0  1  1  1  1  1  1  1  1  0  1  1  0  0  1  1
0  1  1  1  1  1  1  1  1  1  1  1  1  1  1  1  1  1  1  1  1  1  1  1  1
1  0  1  1  1  1  1  1  1  1  1  1  1  1  1  1  1  1  0  1  1  0  1  1  1
1  0  1  1  1  1  1  1  1  1  1  1  1  1  1  1  1  1  1  1  1  1  1  1  1
1  1  1  1  1  1  1  1  1  1  1  1  1  1  1  1  1  1  1  1  1  0  1  1  1
1  1  1  1  1  1  1  1  1  1  1  1  1  1  1  1  1  1  1  1  1  1  1  1  1
1  1  0  1  1  1  1  1  1  1  1  1  1  1  1  1  1  1  1  0  1  1  1  1  1
1  1  0  1  1  1  1  1  1  1  1  1  1  1  1  1  1  1  1  1  1  1  1  1  1
1  0  1  1  1  1  1  1  1  1  1  1  1  1  1  1  1  1  1  0  1  1  1  1  1
1  1  1  1  1  1  1  1  1  1  1  1  1  1  1  1  1  1  1  1  1  1  1  1  1
1  1  1  1  1  1  1  1  1  1  1  1  1  0  1  1  1  1  1  1  1  0  1  0  1
1  1  1  1  1  1  1  1  1  1  1  1  1  1  1  1  1  1  1  1  1  1  1  1  1
1  1  1  1  1  1  1  1  1  1  1  1  1  1  1  1  1  1  1  1  1  1  1  1  1
1  1  1  1  1  1  1  1  1  1  1  1  1  1  1  1  1  1  1  1  1  1  1  1  1
1  1  1  1  1  1  1  1  1  1  1  1  1  1  1  1  1  1  1  1  1  1  1  1  1
1  1  1  1  1  1  1  1  1  1  1  1  1  1  1  1  1  1  1  1  1  1  1  1  1
1  1  1  1  1  1  1  1  1  1  1  1  1  1  1  1  1  1  1  1  1  1  1  1  1
1  1  1  1  1  1  1  1  1  1  1  1  1  1  1  1  1  1  1  1  1  1  1  1  1
1  1  1  1  1  1  1  1  1  1  1  1  1  1  1  1  1  1  1  1  1  1  1  1  1
1  1  1  1  1  1  1  1  1  1  0  0  1  1  1  1  1  1  1  1  1  0  1  0  1
1  1  1  1  1  1  1  1  1  1  1  1  1  1  1  1  1  1  1  1  1  0  1  0  1
1  1  1  1  1  1  1  1  1  1  0  0  1  1  1  1  1  1  1  1  1  1  1  1  1
$37
1  0  1  0  0  0  1  1  1  0  1  0  1  0  0  1  1  0  0  0  0  0  0  0  1
0  0  1  0  0  0  1  0  1  1  0  0  0  0  1  1  0  0  0  0  0  1  1  1  0
0  1  1  1  1  1  0  1  0  1  1  1  1  0  1  1  0  0  0  1  1  0  0  0  1
0  1  1  1  1  1  1  1  1  0  1  1  0  1  0  1  0  1  0  1  0  1  1  0  1
1  1  0  1  1  1  1  1  1  1  1  1  1  1  1  0  1  1  1  0  1  1  1  1  0
0  1  1  0  1  1  1  1  1  1  1  1  0  1  0  1  1  1  1  1  1  1  1  1  1
1  1  1  1  1  1  1  1  1  1  1  1  1  1  1  1  1  1  1  1  0  1  1  1  1
1  1  1  1  1  1  1  1  1  1  1  1  1  1  0  1  1  1  1  1  1  1  1  1  1
1  1  1  1  1  1  1  1  1  1  1  1  1  1  1  1  1  1  1  1  0  1  1  1  1
1  1  1  1  1  1  1  1  1  1  1  1  1  1  1  1  1  1  1  1  1  1  1  1  1
1  1  1  1  1  1  1  1  1  1  1  1  1  1  1  1  1  1  1  1  1  1  1  1  1
1  1  1  1  1  1  1  1  1  1  1  1  1  1  1  1  1  1  1  1  1  1  1  1  1
1  1  1  1  1  1  1  1  1  1  1  1  1  1  1  1  1  1  1  1  1  1  1  1  1
1  1  1  1  1  1  1  1  1  1  1  1  1  1  1  1  1  1  1  1  0  1  1  1  1
1  1  1  1  1  1  1  1  1  1  1  1  1  1  1  1  1  1  1  1  1  1  1  1  1
1  1  1  1  1  1  1  1  1  1  1  1  1  1  1  1  1  1  1  0  1  1  1  1  1
1  1  1  1  1  1  1  1  1  1  1  1  1  1  1  1  1  1  1  1  1  0  1  1  1
1  1  1  1  1  1  1  1  1  1  1  1  1  1  1  1  1  1  1  1  0  1  1  1  1
1  1  1  1  1  1  1  1  1  1  1  1  1  1  1  1  1  1  1  0  1  0  1  1  1
1  1  1  1  1  1  1  1  1  1  1  1  1  1  1  1  1  1  1  1  0  1  1  1  1
1  1  1  1  1  1  1  1  1  1  1  0  1  1  1  1  1  1  1  1  1  1  1  1  1
0  1  1  1  1  1  1  1  1  1  1  1  1  1  1  1  1  1  1  1  1  1  1  1  1
1  1  1  1  1  1  1  1  1  1  1  1  1  1  1  1  1  1  1  1  1  0  1  1  1
1  1  1  1  1  1  1  1  1  0  1  0  1  1  1  1  1  1  1  1  1  1  1  1  1
1  1  1  0  1  1  0  0  1  1  1  1  1  1  1  1  1  1  1  1  1  1  1  1  1
$38
1  0  1  0  1  0  1  1  0  1  0  0  1  0  0  1  1  0  0  0  0  1  1  1  1
0  0  0  0  1  1  0  1  1  0  1  0  0  0  0  1  1  1  0  1  0  1  1  1  1
1  0  0  1  1  0  1  1  1  1  1  0  1  0  1  0  1  1  1  1  0  1  0  0  1
0  1  0  0  1  0  0  1  0  1  0  0  1  1  1  0  0  0  1  1  1  0  1  0  1
0  1  1  0  0  1  1  0  1  0  1  0  0  0  1  1  0  0  0  0  1  0  0  1  1
0  0  1  0  0  0  0  1  0  1  0  1  1  1  1  1  0  0  0  0  0  1  0  1  0
1  0  1  1  1  1  1  1  1  1  1  1  1  0  0  1  0  1  0  1  1  1  0  1  1
1  0  0  0  0  0  0  0  0  1  0  0  1  1  1  0  1  0  1  1  0  1  0  1  1
0  1  1  0  1  1  0  1  0  1  1  0  0  1  1  0  0  0  0  0  1  0  0  1  1
0  1  1  0  0  0  0  0  0  0  0  1  0  0  0  1  0  1  1  1  1  1  0  0  1
1  0  1  1  0  1  1  1  1  0  0  0  1  0  0  0  0  0  1  0  0  0  0  0  1
1  0  0  1  1  0  1  0  0  1  0  1  0  0  0  0  1  0  0  1  0  0  1  0  1
1  1  0  1  1  1  1  1  0  1  1  0  0  1  1  1  1  1  0  0  1  0  0  0  1
1  1  0  1  0  0  0  0  0  1  0  1  0  0  0  1  0  1  1  0  0  1  1  1  1
1  0  0  0  0  0  0  1  0  1  1  0  1  0  0  1  1  0  0  0  0  0  0  1  1
0  0  0  1  1  0  0  1  0  1  0  1  1  0  1  1  1  1  0  0  1  0  0  0  0
1  1  1  1  0  0  1  0  1  0  0  0  1  0  1  1  1  0  1  1  0  0  0  1  1
1  0  0  1  0  0  1  0  0  1  1  0  0  0  0  0  0  1  1  0  0  1  1  1  0
1  0  1  0  1  0  1  1  0  1  0  1  0  0  1  0  1  0  0  1  0  0  0  0  1
1  1  1  1  0  0  0  0  1  0  1  1  1  1  0  1  0  1  0  0  1  0  1  0  1
0  0  1  0  1  0  1  1  1  1  0  1  0  1  0  0  1  0  0  0  0  1  1  0  0
1  0  1  1  0  0  1  0  1  0  1  0  1  1  1  0  0  0  0  1  0  1  0  0  0
0  1  0  0  1  1  0  1  0  0  1  0  0  1  0  0  1  0  1  0  1  1  1  1  0
0  1  1  0  1  1  1  0  0  0  0  0  1  1  1  1  1  1  1  0  1  1  1  1  0
1  1  0  1  0  1  0  0  1  1  1  1  1  1  0  0  0  0  1  1  0  0  1  1  1
$39
1  0  1  0  0  1  0  0  0  1  1  0  1  0  1  0  1  0  0  1  1  0  1  1  0
0  1  1  0  0  0  1  0  0  1  1  0  1  1  1  0  1  0  0  0  0  0  1  1  1
0  0  1  0  1  1  1  0  0  0  1  0  0  0  1  0  0  0  1  0  1  1  1  0  0
0  0  0  1  1  0  0  0  1  1  1  0  1  0  1  1  1  1  0  1  1  1  1  1  0
0  1  1  0  0  0  1  1  0  0  0  1  0  1  0  0  0  0  0  1  0  0  0  0  0
0  1  0  1  0  1  0  1  0  0  0  1  1  0  0  0  1  1  1  0  0  1  0  1  1
1  0  1  1  0  0  1  0  1  1  1  0  1  1  1  1  0  0  0  1  0  1  0  1  0
0  1  1  1  0  1  0  0  0  1  1  1  0  1  0  0  0  0  0  0  1  1  1  1  1
0  1  0  1  0  0  0  0  0  1  0  0  0  1  1  0  0  0  1  0  0  1  1  0  0
0  1  0  1  1  1  0  0  1  0  1  1  0  1  0  1  1  1  1  1  1  0  0  1  1
1  1  0  0  0  0  0  1  0  0  0  1  1  0  1  0  0  0  0  0  1  0  1  0  1
1  1  0  0  1  1  0  0  1  0  0  0  0  0  0  0  1  1  0  1  0  1  0  0  1
0  1  1  1  1  1  1  0  1  1  1  0  0  1  0  1  0  0  1  0  0  1  0  0  0
1  0  0  0  0  0  0  1  1  0  1  1  1  1  1  0  0  1  0  0  0  1  1  1  0
0  1  1  1  0  1  0  1  0  1  0  1  0  1  1  1  1  0  1  0  1  0  1  0  0
0  0  0  0  1  1  0  1  0  0  0  1  1  0  1  0  1  1  1  1  1  1  0  1  0
0  0  0  0  0  1  1  0  1  0  1  0  0  1  1  0  1  0  1  1  1  0  0  0  1
0  1  1  0  0  1  0  0  0  1  1  0  1  1  0  0  0  1  0  1  0  0  1  1  1
0  0  1  1  1  1  0  0  1  1  0  0  0  1  1  1  0  1  1  0  1  0  0  0  1
0  0  0  0  0  1  0  0  0  0  1  1  0  1  1  1  1  0  1  1  0  1  1  1  1
1  1  1  0  0  0  1  1  1  1  1  1  1  1  1  1  0  0  1  0  1  0  1  1  1
1  1  0  1  1  0  0  0  1  0  0  1  1  0  0  0  0  1  1  0  1  1  0  0  0
0  1  0  1  1  0  1  0  0  1  0  0  1  1  1  0  0  0  0  1  1  1  0  1  0
1  0  1  1  1  1  1  0  0  1  0  1  1  0  0  1  0  0  1  1  1  1  1  1  1
1  1  0  0  0  1  0  0  1  1  0  0  1  1  0  1  0  0  1  1  0  0  1  0  0
$40
0  0  1  1  0  1  1  0  0  0  1  1  0  0  1  1  1  0  1  1  0  1  1  1  1
1  1  1  0  0  0  1  0  1  1  0  0  1  0  0  1  1  1  1  1  0  1  0  0  0
1  0  1  1  0  1  1  1  0  1  1  1  1  1  0  1  0  1  0  1  1  0  0  0  0
0  1  1  1  1  0  1  1  0  0  0  0  0  0  0  0  1  1  1  1  1  0  1  1  0
0  1  1  1  1  0  1  1  1  1  1  0  0  1  0  0  0  1  1  0  0  0  0  1  1
1  1  0  1  1  1  0  0  1  1  0  1  0  0  1  0  0  0  1  0  1  0  0  0  0
1  1  1  0  1  0  0  0  1  0  0  0  0  1  0  1  0  1  0  0  0  1  0  1  0
0  1  0  1  0  1  1  1  0  1  1  0  0  1  1  1  1  0  1  0  1  0  0  1  1
1  0  0  1  0  0  0  1  1  0  1  0  1  0  1  0  0  1  1  0  1  0  0  0  0
0  1  1  0  0  1  0  1  0  0  1  0  1  1  0  0  1  0  1  0  0  1  1  0  1
1  1  1  1  0  1  1  1  0  1  1  0  1  1  1  0  0  0  1  0  0  1  0  1  1
0  1  0  1  1  0  0  0  0  0  0  0  0  0  1  1  1  1  0  0  1  1  0  1  1
1  1  1  1  1  0  1  0  0  1  1  1  1  1  1  0  1  1  1  1  0  0  1  0  0
1  1  0  1  0  1  0  1  1  1  0  0  1  1  0  1  0  0  0  1  0  1  0  1  1
1  0  1  1  0  0  1  0  0  1  0  0  1  0  1  0  1  1  0  0  1  0  0  0  0
1  1  1  1  0  1  0  1  1  1  0  1  1  1  0  1  0  0  0  1  0  0  0  0  0
1  0  0  0  0  1  1  1  0  1  0  1  1  0  1  1  0  1  0  0  0  1  0  0  1
0  1  0  1  1  1  1  1  1  0  0  1  0  1  0  0  1  1  0  1  0  0  0  0  0
0  0  1  1  1  1  0  1  1  1  0  0  1  1  0  0  0  1  1  0  1  0  0  0  1
0  0  1  0  0  1  1  0  1  0  1  0  0  1  0  1  0  1  0  0  1  1  0  1  1
0  0  0  1  0  1  0  1  1  1  1  0  0  0  0  1  0  0  0  0  0  1  1  0  0
0  0  1  0  1  0  1  0  0  0  1  0  1  1  0  1  0  1  0  0  0  1  0  1  0
1  0  0  1  0  0  1  0  0  1  1  1  1  0  0  1  1  1  0  0  0  1  0  0  0
1  0  0  0  1  0  0  0  1  1  0  1  0  0  0  0  1  0  0  0  0  1  0  0  1
1  1  1  0  1  0  0  0  0  1  0  1  1  0  1  1  1  1  0  0  0  0  0  0  1
$41
1  0  1  1  1  1  0  1  0  1  0  0  0  1  0  0  1  1  0  0  0  0  0  0  0
0  1  1  1  1  1  1  0  1  1  0  0  0  0  1  1  1  0  1  0  0  0  1  0  0
0  0  1  1  0  1  1  0  0  0  0  0  0  0  0  1  0  1  1  1  1  0  1  0  1
1  0  1  0  1  0  0  1  1  1  1  0  0  0  0  1  1  1  1  1  1  1  0  1  1
0  1  0  1  1  1  1  1  1  1  1  1  1  1  0  0  1  0  0  1  1  1  0  1  1
1  1  1  1  1  0  1  1  1  1  1  0  1  1  0  1  0  1  1  1  1  1  1  1  1
1  0  1  1  1  0  1  0  1  1  1  0  0  1  0  1  1  1  1  1  1  1  0  1  1
1  1  0  1  0  1  1  1  1  1  1  1  0  1  1  0  0  1  1  1  1  1  1  1  1
1  1  1  1  0  1  1  1  1  1  1  1  1  1  1  1  1  1  1  1  1  1  1  1  1
1  1  0  1  0  1  0  1  1  1  1  1  0  1  0  1  1  1  1  1  1  1  0  1  1
1  0  0  1  1  1  1  1  1  1  1  0  1  1  1  1  1  1  1  1  1  0  1  1  1
1  0  1  1  1  1  1  1  1  1  1  1  1  1  1  1  1  1  1  1  1  1  0  1  1
1  0  1  1  0  1  1  1  1  1  1  1  1  1  1  1  1  1  1  1  1  1  1  1  1
1  0  1  1  1  1  1  1  1  1  1  1  1  1  1  1  1  1  1  1  1  1  1  1  1
1  0  1  1  1  1  1  1  1  1  1  1  1  1  1  1  1  0  1  1  1  1  1  1  1
0  1  0  1  1  1  1  1  1  1  1  1  1  1  1  1  1  1  1  1  1  1  0  1  0
1  1  1  0  1  1  1  1  1  1  1  1  1  1  1  1  1  1  1  1  1  1  1  1  1
1  1  1  1  1  0  1  1  1  1  1  1  1  0  1  1  1  1  1  1  1  0  1  1  1
1  0  0  0  1  1  1  1  1  1  1  1  1  1  1  1  1  1  1  1  1  0  1  1  1
1  1  0  1  1  1  1  1  1  1  1  1  1  0  1  1  1  1  1  1  1  1  1  1  1
1  0  1  1  1  1  1  1  1  1  1  1  1  1  1  1  1  1  1  1  1  1  1  1  1
1  0  1  1  1  1  1  1  1  1  1  1  1  1  1  1  1  1  1  1  1  1  1  1  1
0  1  1  1  1  1  1  1  1  1  1  1  1  1  1  1  1  1  1  0  1  1  1  1  1
1  1  1  1  1  1  1  1  1  1  1  1  1  1  1  1  1  1  1  1  1  1  1  1  1
1  1  1  1  1  1  1  1  1  1  1  1  1  1  1  1  1  1  1  1  1  1  1  1  1
